  2.000000000000000E-003  2.000000000000000E-003 -0.568362522854103     
  2.000000000000000E-003  0.302332916666667      -0.536110616330364     
  2.000000000000000E-003  0.602665833333333      -0.482628968343283     
  2.000000000000000E-003  0.902998750000000      -0.410245672198248     
  2.000000000000000E-003   1.20333166666667      -0.353940943629569     
  2.000000000000000E-003   1.50366458333333      -0.312642608531254     
  2.000000000000000E-003   1.80399750000000      -0.280463835049652     
  2.000000000000000E-003   2.10433041666667      -0.253944412373900     
  2.000000000000000E-003   2.40466333333333      -0.231076815375392     
  2.000000000000000E-003   2.70499625000000      -0.211955687190426     
  2.000000000000000E-003   3.00532916666667      -0.196428494720268     
  2.000000000000000E-003   3.30566208333333      -0.183381161339621     
  2.000000000000000E-003   3.60599500000000      -0.171980319694904     
  2.000000000000000E-003   3.90632791666667      -0.156311635752024     
  2.000000000000000E-003   4.20666083333333      -0.141846934181887     
  2.000000000000000E-003   4.50699375000000      -0.127923498582849     
  2.000000000000000E-003   4.80732666666667      -0.115834940002864     
  2.000000000000000E-003   5.10765958333333      -0.105758641029620     
  2.000000000000000E-003   5.40799250000000      -9.751601851187124E-002
  2.000000000000000E-003   5.70832541666667      -9.079372972594760E-002
  2.000000000000000E-003   6.00865833333333      -8.528565306618455E-002
  2.000000000000000E-003   6.30899125000000      -8.072736335407175E-002
  2.000000000000000E-003   6.60932416666667      -7.686527399608310E-002
  2.000000000000000E-003   6.90965708333333      -7.333772577112389E-002
  2.000000000000000E-003   7.20999000000000      -6.922447301900220E-002
  0.302332916666667       2.000000000000000E-003 -0.635311262612152     
  0.302332916666667       0.302332916666667      -0.548569366001068     
  0.302332916666667       0.602665833333333      -0.497880292913736     
  0.302332916666667       0.902998750000000      -0.443128089311180     
  0.302332916666667        1.20333166666667      -0.390251215699427     
  0.302332916666667        1.50366458333333      -0.345573656721028     
  0.302332916666667        1.80399750000000      -0.308100328336305     
  0.302332916666667        2.10433041666667      -0.276187738933890     
  0.302332916666667        2.40466333333333      -0.248669811211344     
  0.302332916666667        2.70499625000000      -0.225881524739099     
  0.302332916666667        3.00532916666667      -0.207050601448926     
  0.302332916666667        3.30566208333333      -0.190913246984850     
  0.302332916666667        3.60599500000000      -0.176148873224602     
  0.302332916666667        3.90632791666667      -0.160924745732240     
  0.302332916666667        4.20666083333333      -0.145860065920451     
  0.302332916666667        4.50699375000000      -0.131669408470869     
  0.302332916666667        4.80732666666667      -0.119276121944009     
  0.302332916666667        5.10765958333333      -0.108788411666066     
  0.302332916666667        5.40799250000000      -0.100087914363990     
  0.302332916666667        5.70832541666667      -9.288827103788568E-002
  0.302332916666667        6.00865833333333      -8.689082657463452E-002
  0.302332916666667        6.30899125000000      -8.191280064493014E-002
  0.302332916666667        6.60932416666667      -7.781895827332845E-002
  0.302332916666667        6.90965708333333      -7.404578886666680E-002
  0.302332916666667        7.20999000000000      -6.850588969697054E-002
  0.602665833333333       2.000000000000000E-003 -0.674110922298067     
  0.602665833333333       0.302332916666667      -0.616041200521722     
  0.602665833333333       0.602665833333333      -0.541619586907497     
  0.602665833333333       0.902998750000000      -0.482255714021658     
  0.602665833333333        1.20333166666667      -0.427491601702915     
  0.602665833333333        1.50366458333333      -0.377783918362421     
  0.602665833333333        1.80399750000000      -0.334107051403790     
  0.602665833333333        2.10433041666667      -0.296427663491067     
  0.602665833333333        2.40466333333333      -0.264544501956492     
  0.602665833333333        2.70499625000000      -0.238386113642093     
  0.602665833333333        3.00532916666667      -0.216514988426708     
  0.602665833333333        3.30566208333333      -0.197481520352769     
  0.602665833333333        3.60599500000000      -0.180131574542198     
  0.602665833333333        3.90632791666667      -0.163794285658336     
  0.602665833333333        4.20666083333333      -0.148357678572860     
  0.602665833333333        4.50699375000000      -0.134244504237482     
  0.602665833333333        4.80732666666667      -0.121919376985231     
  0.602665833333333        5.10765958333333      -0.111294379944415     
  0.602665833333333        5.40799250000000      -0.102282160840929     
  0.602665833333333        5.70832541666667      -9.465432121306862E-002
  0.602665833333333        6.00865833333333      -8.817206488057634E-002
  0.602665833333333        6.30899125000000      -8.267724438198963E-002
  0.602665833333333        6.60932416666667      -7.788278358240065E-002
  0.602665833333333        6.90965708333333      -7.280900287654207E-002
  0.602665833333333        7.20999000000000      -6.697286109020247E-002
  0.902998750000000       2.000000000000000E-003 -0.727251588607697     
  0.902998750000000       0.302332916666667      -0.688060516859385     
  0.902998750000000       0.602665833333333      -0.610596854929785     
  0.902998750000000       0.902998750000000      -0.535034925426198     
  0.902998750000000        1.20333166666667      -0.467838794502046     
  0.902998750000000        1.50366458333333      -0.408437494364912     
  0.902998750000000        1.80399750000000      -0.356849268383783     
  0.902998750000000        2.10433041666667      -0.313154835409154     
  0.902998750000000        2.40466333333333      -0.277447248734188     
  0.902998750000000        2.70499625000000      -0.248216680959915     
  0.902998750000000        3.00532916666667      -0.223746496823400     
  0.902998750000000        3.30566208333333      -0.202430904956504     
  0.902998750000000        3.60599500000000      -0.183260816497300     
  0.902998750000000        3.90632791666667      -0.165821201424013     
  0.902998750000000        4.20666083333333      -0.150053303488654     
  0.902998750000000        4.50699375000000      -0.136062323512320     
  0.902998750000000        4.80732666666667      -0.123884656549771     
  0.902998750000000        5.10765958333333      -0.113276725077160     
  0.902998750000000        5.40799250000000      -0.104015409433712     
  0.902998750000000        5.70832541666667      -9.598622275304916E-002
  0.902998750000000        6.00865833333333      -8.897230353319202E-002
  0.902998750000000        6.30899125000000      -8.279603306502444E-002
  0.902998750000000        6.60932416666667      -7.713979911291434E-002
  0.902998750000000        6.90965708333333      -7.150007987836320E-002
  0.902998750000000        7.20999000000000      -6.604351884844681E-002
   1.20333166666667       2.000000000000000E-003 -0.761621401584722     
   1.20333166666667       0.302332916666667      -0.732452352957576     
   1.20333166666667       0.602665833333333      -0.662285498007141     
   1.20333166666667       0.902998750000000      -0.580723548932779     
   1.20333166666667        1.20333166666667      -0.502892762308839     
   1.20333166666667        1.50366458333333      -0.433546570848385     
   1.20333166666667        1.80399750000000      -0.374105568504959     
   1.20333166666667        2.10433041666667      -0.325517653947429     
   1.20333166666667        2.40466333333333      -0.286665015765538     
   1.20333166666667        2.70499625000000      -0.254900367493905     
   1.20333166666667        3.00532916666667      -0.228359819895352     
   1.20333166666667        3.30566208333333      -0.205551102281497     
   1.20333166666667        3.60599500000000      -0.185362043813865     
   1.20333166666667        3.90632791666667      -0.167343638772952     
   1.20333166666667        4.20666083333333      -0.151403844000167     
   1.20333166666667        4.50699375000000      -0.137472144954610     
   1.20333166666667        4.80732666666667      -0.125352357909655     
   1.20333166666667        5.10765958333333      -0.114732569713193     
   1.20333166666667        5.40799250000000      -0.105302996909421     
   1.20333166666667        5.70832541666667      -9.689833048153085E-002
   1.20333166666667        6.00865833333333      -8.937145705987662E-002
   1.20333166666667        6.30899125000000      -8.258885376192125E-002
   1.20333166666667        6.60932416666667      -7.637328356979037E-002
   1.20333166666667        6.90965708333333      -7.056418083258169E-002
   1.20333166666667        7.20999000000000      -6.529067187352286E-002
   1.50366458333333       2.000000000000000E-003 -0.771541563227459     
   1.50366458333333       0.302332916666667      -0.747713476873161     
   1.50366458333333       0.602665833333333      -0.685816311828077     
   1.50366458333333       0.902998750000000      -0.605752731627602     
   1.50366458333333        1.20333166666667      -0.523470862474287     
   1.50366458333333        1.50366458333333      -0.447763883690051     
   1.50366458333333        1.80399750000000      -0.383561296170631     
   1.50366458333333        2.10433041666667      -0.332549800737281     
   1.50366458333333        2.40466333333333      -0.291590869145132     
   1.50366458333333        2.70499625000000      -0.258232687532899     
   1.50366458333333        3.00532916666667      -0.230567524171246     
   1.50366458333333        3.30566208333333      -0.207024081720486     
   1.50366458333333        3.60599500000000      -0.186480178160189     
   1.50366458333333        3.90632791666667      -0.168343513233150     
   1.50366458333333        4.20666083333333      -0.152391503196339     
   1.50366458333333        4.50699375000000      -0.138484569580292     
   1.50366458333333        4.80732666666667      -0.126380939809643     
   1.50366458333333        5.10765958333333      -0.115728409709354     
   1.50366458333333        5.40799250000000      -0.106176580907004     
   1.50366458333333        5.70832541666667      -9.748089277325640E-002
   1.50366458333333        6.00865833333333      -8.953871661079391E-002
   1.50366458333333        6.30899125000000      -8.231505802362821E-002
   1.50366458333333        6.60932416666667      -7.576727966834806E-002
   1.50366458333333        6.90965708333333      -6.986068391097389E-002
   1.50366458333333        7.20999000000000      -6.463045054320557E-002
   1.80399750000000       2.000000000000000E-003 -0.758336057113097     
   1.80399750000000       0.302332916666667      -0.737983128945004     
   1.80399750000000       0.602665833333333      -0.681667400962726     
   1.80399750000000       0.902998750000000      -0.605529355070493     
   1.80399750000000        1.20333166666667      -0.523519457351259     
   1.80399750000000        1.50366458333333      -0.447546473531831     
   1.80399750000000        1.80399750000000      -0.384713818558233     
   1.80399750000000        2.10433041666667      -0.333398001288772     
   1.80399750000000        2.40466333333333      -0.291711694212313     
   1.80399750000000        2.70499625000000      -0.257904503268467     
   1.80399750000000        3.00532916666667      -0.230155201399237     
   1.80399750000000        3.30566208333333      -0.206761089940016     
   1.80399750000000        3.60599500000000      -0.186453308465429     
   1.80399750000000        3.90632791666667      -0.168537341610790     
   1.80399750000000        4.20666083333333      -0.152748622022495     
   1.80399750000000        4.50699375000000      -0.138952684819902     
   1.80399750000000        4.80732666666667      -0.126916170760139     
   1.80399750000000        5.10765958333333      -0.116275400332926     
   1.80399750000000        5.40799250000000      -0.106658123632973     
   1.80399750000000        5.70832541666667      -9.780883863869504E-002
   1.80399750000000        6.00865833333333      -8.960899819992768E-002
   1.80399750000000        6.30899125000000      -8.209507722844926E-002
   1.80399750000000        6.60932416666667      -7.533280986695198E-002
   1.80399750000000        6.90965708333333      -6.933124999611505E-002
   1.80399750000000        7.20999000000000      -6.410462744360108E-002
   2.10433041666667       2.000000000000000E-003 -0.726146096268906     
   2.10433041666667       0.302332916666667      -0.705354438721183     
   2.10433041666667       0.602665833333333      -0.651963989556432     
   2.10433041666667       0.902998750000000      -0.578808243922685     
   2.10433041666667        1.20333166666667      -0.504504430280413     
   2.10433041666667        1.50366458333333      -0.436580479741731     
   2.10433041666667        1.80399750000000      -0.377443566880938     
   2.10433041666667        2.10433041666667      -0.327654641462283     
   2.10433041666667        2.40466333333333      -0.286855877230032     
   2.10433041666667        2.70499625000000      -0.253899517020720     
   2.10433041666667        3.00532916666667      -0.227068965022076     
   2.10433041666667        3.30566208333333      -0.204565208152131     
   2.10433041666667        3.60599500000000      -0.185006227252587     
   2.10433041666667        3.90632791666667      -0.167647624221645     
   2.10433041666667        4.20666083333333      -0.152243516022748     
   2.10433041666667        4.50699375000000      -0.138710296435505     
   2.10433041666667        4.80732666666667      -0.126854914716507     
   2.10433041666667        5.10765958333333      -0.116325329433685     
   2.10433041666667        5.40799250000000      -0.106745979963811     
   2.10433041666667        5.70832541666667      -9.787259555082990E-002
   2.10433041666667        6.00865833333333      -8.962956296946117E-002
   2.10433041666667        6.30899125000000      -8.203168340285043E-002
   2.10433041666667        6.60932416666667      -7.511898912257962E-002
   2.10433041666667        6.90965708333333      -6.902509777153132E-002
   2.10433041666667        7.20999000000000      -6.376640846575811E-002
   2.40466333333333       2.000000000000000E-003 -0.688965147692581     
   2.40466333333333       0.302332916666667      -0.666827145551959     
   2.40466333333333       0.602665833333333      -0.610989110673719     
   2.40466333333333       0.902998750000000      -0.544315379025001     
   2.40466333333333        1.20333166666667      -0.478155210225404     
   2.40466333333333        1.50366458333333      -0.416744397181760     
   2.40466333333333        1.80399750000000      -0.362190616281541     
   2.40466333333333        2.10433041666667      -0.315687996712951     
   2.40466333333333        2.40466333333333      -0.277455464073282     
   2.40466333333333        2.70499625000000      -0.246640153802430     
   2.40466333333333        3.00532916666667      -0.221609064483995     
   2.40466333333333        3.30566208333333      -0.200561085081227     
   2.40466333333333        3.60599500000000      -0.182116283306715     
   2.40466333333333        3.90632791666667      -0.165571860117986     
   2.40466333333333        4.20666083333333      -0.150753655266861     
   2.40466333333333        4.50699375000000      -0.137650578782739     
   2.40466333333333        4.80732666666667      -0.126118075157871     
   2.40466333333333        5.10765958333333      -0.115826069974011     
   2.40466333333333        5.40799250000000      -0.106410308882212     
   2.40466333333333        5.70832541666667      -9.764586950654001E-002
   2.40466333333333        6.00865833333333      -8.948691681136203E-002
   2.40466333333333        6.30899125000000      -8.196073453707306E-002
   2.40466333333333        6.60932416666667      -7.505714163014364E-002
   2.40466333333333        6.90965708333333      -6.882101391637002E-002
   2.40466333333333        7.20999000000000      -6.355209514864209E-002
   2.70499625000000       2.000000000000000E-003 -0.655049203484621     
   2.70499625000000       0.302332916666667      -0.633109523703535     
   2.70499625000000       0.602665833333333      -0.577341067686547     
   2.70499625000000       0.902998750000000      -0.508559800551231     
   2.70499625000000        1.20333166666667      -0.445073009732349     
   2.70499625000000        1.50366458333333      -0.389377735926626     
   2.70499625000000        1.80399750000000      -0.340487029433517     
   2.70499625000000        2.10433041666667      -0.298860158857258     
   2.70499625000000        2.40466333333333      -0.264615668351018     
   2.70499625000000        2.70499625000000      -0.236948410718947     
   2.70499625000000        3.00532916666667      -0.214319845738944     
   2.70499625000000        3.30566208333333      -0.195055623202320     
   2.70499625000000        3.60599500000000      -0.177920589338257     
   2.70499625000000        3.90632791666667      -0.162350021434937     
   2.70499625000000        4.20666083333333      -0.148278298784895     
   2.70499625000000        4.50699375000000      -0.135762775346032     
   2.70499625000000        4.80732666666667      -0.124694650981830     
   2.70499625000000        5.10765958333333      -0.114765709293663     
   2.70499625000000        5.40799250000000      -0.105637578622906     
   2.70499625000000        5.70832541666667      -9.712102026084789E-002
   2.70499625000000        6.00865833333333      -8.919956698203603E-002
   2.70499625000000        6.30899125000000      -8.185716251742506E-002
   2.70499625000000        6.60932416666667      -7.497966638570873E-002
   2.70499625000000        6.90965708333333      -6.875501044105538E-002
   2.70499625000000        7.20999000000000      -6.358046149041416E-002
   3.00532916666667       2.000000000000000E-003 -0.602311427256480     
   3.00532916666667       0.302332916666667      -0.579893248882068     
   3.00532916666667       0.602665833333333      -0.526094254924166     
   3.00532916666667       0.902998750000000      -0.463619119081478     
   3.00532916666667        1.20333166666667      -0.406058364415282     
   3.00532916666667        1.50366458333333      -0.357164354965307     
   3.00532916666667        1.80399750000000      -0.315014366574568     
   3.00532916666667        2.10433041666667      -0.279303723479521     
   3.00532916666667        2.40466333333333      -0.249848387409896     
   3.00532916666667        2.70499625000000      -0.225809577004352     
   3.00532916666667        3.00532916666667      -0.205800216968828     
   3.00532916666667        3.30566208333333      -0.188396899793091     
   3.00532916666667        3.60599500000000      -0.172623476619800     
   3.00532916666667        3.90632791666667      -0.158114074755531     
   3.00532916666667        4.20666083333333      -0.144914068642228     
   3.00532916666667        4.50699375000000      -0.133120937669628     
   3.00532916666667        4.80732666666667      -0.122636157106601     
   3.00532916666667        5.10765958333333      -0.113169894807549     
   3.00532916666667        5.40799250000000      -0.104426750797538     
   3.00532916666667        5.70832541666667      -9.628158576068054E-002
   3.00532916666667        6.00865833333333      -8.879238405015831E-002
   3.00532916666667        6.30899125000000      -8.194758378301012E-002
   3.00532916666667        6.60932416666667      -7.546454453262037E-002
   3.00532916666667        6.90965708333333      -6.935256459407468E-002
   3.00532916666667        7.20999000000000      -6.424848364238081E-002
   3.30566208333333       2.000000000000000E-003 -0.533323908068577     
   3.30566208333333       0.302332916666667      -0.513108319396590     
   3.30566208333333       0.602665833333333      -0.466433489109562     
   3.30566208333333       0.902998750000000      -0.413185479821960     
   3.30566208333333        1.20333166666667      -0.364754312479462     
   3.30566208333333        1.50366458333333      -0.323889854191310     
   3.30566208333333        1.80399750000000      -0.288845388837751     
   3.30566208333333        2.10433041666667      -0.259209237433095     
   3.30566208333333        2.40466333333333      -0.234558898345673     
   3.30566208333333        2.70499625000000      -0.214054533890755     
   3.30566208333333        3.00532916666667      -0.196528294723602     
   3.30566208333333        3.30566208333333      -0.180881587743897     
   3.30566208333333        3.60599500000000      -0.166443561349685     
   3.30566208333333        3.90632791666667      -0.153048618150090     
   3.30566208333333        4.20666083333333      -0.140817495751510     
   3.30566208333333        4.50699375000000      -0.129845398781667     
   3.30566208333333        4.80732666666667      -0.120019835624221     
   3.30566208333333        5.10765958333333      -0.111069223098578     
   3.30566208333333        5.40799250000000      -0.102756824500793     
   3.30566208333333        5.70832541666667      -9.504540797041314E-002
   3.30566208333333        6.00865833333333      -8.812825085148465E-002
   3.30566208333333        6.30899125000000      -8.197030065339028E-002
   3.30566208333333        6.60932416666667      -7.616231213883561E-002
   3.30566208333333        6.90965708333333      -7.043511359403674E-002
   3.30566208333333        7.20999000000000      -6.542047947182882E-002
   3.60599500000000       2.000000000000000E-003 -0.459148603561402     
   3.60599500000000       0.302332916666667      -0.448191781386802     
   3.60599500000000       0.602665833333333      -0.411959214219413     
   3.60599500000000       0.902998750000000      -0.367608316697451     
   3.60599500000000        1.20333166666667      -0.326849773507963     
   3.60599500000000        1.50366458333333      -0.292857938451503     
   3.60599500000000        1.80399750000000      -0.264233981531477     
   3.60599500000000        2.10433041666667      -0.240029394988777     
   3.60599500000000        2.40466333333333      -0.219601163731361     
   3.60599500000000        2.70499625000000      -0.202163500294684     
   3.60599500000000        3.00532916666667      -0.186804148685070     
   3.60599500000000        3.30566208333333      -0.172752934151814     
   3.60599500000000        3.60599500000000      -0.159615609628222     
   3.60599500000000        3.90632791666667      -0.147375484604795     
   3.60599500000000        4.20666083333333      -0.136174127118435     
   3.60599500000000        4.50699375000000      -0.126067389008023     
   3.60599500000000        4.80732666666667      -0.116917905374892     
   3.60599500000000        5.10765958333333      -0.108479525180160     
   3.60599500000000        5.40799250000000      -0.100582504129026     
   3.60599500000000        5.70832541666667      -9.326870451554016E-002
   3.60599500000000        6.00865833333333      -8.681199899995419E-002
   3.60599500000000        6.30899125000000      -8.117491989668156E-002
   3.60599500000000        6.60932416666667      -7.597662538981505E-002
   3.60599500000000        6.90965708333333      -7.092650431245116E-002
   3.60599500000000        7.20999000000000      -6.697250899214921E-002
   3.90632791666667       2.000000000000000E-003 -0.402453416994858     
   3.90632791666667       0.302332916666667      -0.392448482271892     
   3.90632791666667       0.602665833333333      -0.363412166430933     
   3.90632791666667       0.902998750000000      -0.327174434729825     
   3.90632791666667        1.20333166666667      -0.293214668633997     
   3.90632791666667        1.50366458333333      -0.265040937762604     
   3.90632791666667        1.80399750000000      -0.241851918077870     
   3.90632791666667        2.10433041666667      -0.222150530701709     
   3.90632791666667        2.40466333333333      -0.205191740145055     
   3.90632791666667        2.70499625000000      -0.190303057579260     
   3.90632791666667        3.00532916666667      -0.176821733961299     
   3.90632791666667        3.30566208333333      -0.164254344236111     
   3.90632791666667        3.60599500000000      -0.152407723379090     
   3.90632791666667        3.90632791666667      -0.141340962433544     
   3.90632791666667        4.20666083333333      -0.131172809429080     
   3.90632791666667        4.50699375000000      -0.121907042991525     
   3.90632791666667        4.80732666666667      -0.113390182336966     
   3.90632791666667        5.10765958333333      -0.105416324372780     
   3.90632791666667        5.40799250000000      -9.788318864423637E-002
   3.90632791666667        5.70832541666667      -9.087598371351058E-002
   3.90632791666667        6.00865833333333      -8.463137414008891E-002
   3.90632791666667        6.30899125000000      -7.913757100879375E-002
   3.90632791666667        6.60932416666667      -7.401255617252066E-002
   3.90632791666667        6.90965708333333      -6.887275033300887E-002
   3.90632791666667        7.20999000000000      -6.403739318067649E-002
   4.20666083333333       2.000000000000000E-003 -0.338985513851712     
   4.20666083333333       0.302332916666667      -0.331824660088102     
   4.20666083333333       0.602665833333333      -0.312407598272732     
   4.20666083333333       0.902998750000000      -0.286947774821331     
   4.20666083333333        1.20333166666667      -0.261284362098992     
   4.20666083333333        1.50366458333333      -0.239551156937451     
   4.20666083333333        1.80399750000000      -0.221181006805571     
   4.20666083333333        2.10433041666667      -0.205256646824284     
   4.20666083333333        2.40466333333333      -0.191210353866503     
   4.20666083333333        2.70499625000000      -0.178537099038649     
   4.20666083333333        3.00532916666667      -0.166785846664064     
   4.20666083333333        3.30566208333333      -0.155663994936689     
   4.20666083333333        3.60599500000000      -0.145100266175829     
   4.20666083333333        3.90632791666667      -0.135175879190458     
   4.20666083333333        4.20666083333333      -0.125972220610067     
   4.20666083333333        4.50699375000000      -0.117457981384614     
   4.20666083333333        4.80732666666667      -0.109491800560166     
   4.20666083333333        5.10765958333333      -0.101925275511129     
   4.20666083333333        5.40799250000000      -9.471859007621325E-002
   4.20666083333333        5.70832541666667      -8.797170068314046E-002
   4.20666083333333        6.00865833333333      -8.183549744068624E-002
   4.20666083333333        6.30899125000000      -7.629667501331952E-002
   4.20666083333333        6.60932416666667      -7.108153471752104E-002
   4.20666083333333        6.90965708333333      -6.603050950535044E-002
   4.20666083333333        7.20999000000000      -6.148932248946577E-002
   4.50699375000000       2.000000000000000E-003 -0.275980775290903     
   4.50699375000000       0.302332916666667      -0.272532203780402     
   4.50699375000000       0.602665833333333      -0.262633996272196     
   4.50699375000000       0.902998750000000      -0.247836901451788     
   4.50699375000000        1.20333166666667      -0.231218016277855     
   4.50699375000000        1.50366458333333      -0.215637258661024     
   4.50699375000000        1.80399750000000      -0.201621130880729     
   4.50699375000000        2.10433041666667      -0.189045013940742     
   4.50699375000000        2.40466333333333      -0.177626739445441     
   4.50699375000000        2.70499625000000      -0.167031695995310     
   4.50699375000000        3.00532916666667      -0.156965353353904     
   4.50699375000000        3.30566208333333      -0.147264977063251     
   4.50699375000000        3.60599500000000      -0.137927346727775     
   4.50699375000000        3.90632791666667      -0.129039508391383     
   4.50699375000000        4.20666083333333      -0.120665120571577     
   4.50699375000000        4.50699375000000      -0.112777545387423     
   4.50699375000000        4.80732666666667      -0.105281505143529     
   4.50699375000000        5.10765958333333      -9.809639661138177E-002
   4.50699375000000        5.40799250000000      -9.123091361682038E-002
   4.50699375000000        5.70832541666667      -8.478251806879154E-002
   4.50699375000000        6.00865833333333      -7.884952045051921E-002
   4.50699375000000        6.30899125000000      -7.339710366169210E-002
   4.50699375000000        6.60932416666667      -6.826540707140355E-002
   4.50699375000000        6.90965708333333      -6.347704532199823E-002
   4.50699375000000        7.20999000000000      -5.922698289762521E-002
   4.80732666666667       2.000000000000000E-003 -0.227859288552848     
   4.80732666666667       0.302332916666667      -0.226729894524143     
   4.80732666666667       0.602665833333333      -0.222512893103481     
   4.80732666666667       0.902998750000000      -0.214353537894260     
   4.80732666666667        1.20333166666667      -0.204085667160732     
   4.80732666666667        1.50366458333333      -0.193441651791999     
   4.80732666666667        1.80399750000000      -0.183237422974099     
   4.80732666666667        2.10433041666667      -0.173690481668345     
   4.80732666666667        2.40466333333333      -0.164710838168880     
   4.80732666666667        2.70499625000000      -0.156087446775191     
   4.80732666666667        3.00532916666667      -0.147628632618442     
   4.80732666666667        3.30566208333333      -0.139251773394678     
   4.80732666666667        3.60599500000000      -0.130998286598466     
   4.80732666666667        3.90632791666667      -0.122973824041779     
   4.80732666666667        4.20666083333333      -0.115263827748949     
   4.80732666666667        4.50699375000000      -0.107889005422359     
   4.80732666666667        4.80732666666667      -0.100822957302972     
   4.80732666666667        5.10765958333333      -9.404677590131480E-002
   4.80732666666667        5.40799250000000      -8.759206359407333E-002
   4.80732666666667        5.70832541666667      -8.153227429084126E-002
   4.80732666666667        6.00865833333333      -7.592515492631534E-002
   4.80732666666667        6.30899125000000      -7.075262147929193E-002
   4.80732666666667        6.60932416666667      -6.592680209760661E-002
   4.80732666666667        6.90965708333333      -6.141933143136386E-002
   4.80732666666667        7.20999000000000      -5.737728904870851E-002
   5.10765958333333       2.000000000000000E-003 -0.193973237377710     
   5.10765958333333       0.302332916666667      -0.193278225676790     
   5.10765958333333       0.602665833333333      -0.190765991574896     
   5.10765958333333       0.902998750000000      -0.186533747893583     
   5.10765958333333        1.20333166666667      -0.180593173029390     
   5.10765958333333        1.50366458333333      -0.173754172041165     
   5.10765958333333        1.80399750000000      -0.166701988530647     
   5.10765958333333        2.10433041666667      -0.159742265253500     
   5.10765958333333        2.40466333333333      -0.152879178342667     
   5.10765958333333        2.70499625000000      -0.145978157520213     
   5.10765958333333        3.00532916666667      -0.138912592193165     
   5.10765958333333        3.30566208333333      -0.131651246537259     
   5.10765958333333        3.60599500000000      -0.124272717323466     
   5.10765958333333        3.90632791666667      -0.116920041578178     
   5.10765958333333        4.20666083333333      -0.109733633502598     
   5.10765958333333        4.50699375000000      -0.102807046260453     
   5.10765958333333        4.80732666666667      -9.618446581735159E-002
   5.10765958333333        5.10765958333333      -8.988673039242742E-002
   5.10765958333333        5.40799250000000      -8.393628491046247E-002
   5.10765958333333        5.70832541666667      -7.835812708951242E-002
   5.10765958333333        6.00865833333333      -7.315976092541579E-002
   5.10765958333333        6.30899125000000      -6.831813453871341E-002
   5.10765958333333        6.60932416666667      -6.380184719871340E-002
   5.10765958333333        6.90965708333333      -5.963282755651183E-002
   5.10765958333333        7.20999000000000      -5.582494560951838E-002
   5.40799250000000       2.000000000000000E-003 -0.169705906908401     
   5.40799250000000       0.302332916666667      -0.169073702160478     
   5.40799250000000       0.602665833333333      -0.167416467657154     
   5.40799250000000       0.902998750000000      -0.164833654588865     
   5.40799250000000        1.20333166666667      -0.161524776679798     
   5.40799250000000        1.50366458333333      -0.157438639545845     
   5.40799250000000        1.80399750000000      -0.152688427939497     
   5.40799250000000        2.10433041666667      -0.147635068719839     
   5.40799250000000        2.40466333333333      -0.142349646349013     
   5.40799250000000        2.70499625000000      -0.136750048179829     
   5.40799250000000        3.00532916666667      -0.130750570083292     
   5.40799250000000        3.30566208333333      -0.124346572954841     
   5.40799250000000        3.60599500000000      -0.117639096761024     
   5.40799250000000        3.90632791666667      -0.110811078436907     
   5.40799250000000        4.20666083333333      -0.104069292424756     
   5.40799250000000        4.50699375000000      -9.758207536870324E-002
   5.40799250000000        4.80732666666667      -9.144748957915311E-002
   5.40799250000000        5.10765958333333      -8.569755376150769E-002
   5.40799250000000        5.40799250000000      -8.031967077887815E-002
   5.40799250000000        5.70832541666667      -7.527626566068982E-002
   5.40799250000000        6.00865833333333      -7.052090082096842E-002
   5.40799250000000        6.30899125000000      -6.604716559510918E-002
   5.40799250000000        6.60932416666667      -6.186338931449770E-002
   5.40799250000000        6.90965708333333      -5.796571682262724E-002
   5.40799250000000        7.20999000000000      -5.437757402224618E-002
   5.70832541666667       2.000000000000000E-003 -0.155181281379360     
   5.70832541666667       0.302332916666667      -0.154339702277548     
   5.70832541666667       0.602665833333333      -0.152369789992725     
   5.70832541666667       0.902998750000000      -0.150069042311671     
   5.70832541666667        1.20333166666667      -0.147617339235826     
   5.70832541666667        1.50366458333333      -0.144757920035300     
   5.70832541666667        1.80399750000000      -0.141254253896704     
   5.70832541666667        2.10433041666667      -0.137276621421834     
   5.70832541666667        2.40466333333333      -0.132938476460285     
   5.70832541666667        2.70499625000000      -0.128188996424783     
   5.70832541666667        3.00532916666667      -0.122957452005621     
   5.70832541666667        3.30566208333333      -0.117224045876009     
   5.70832541666667        3.60599500000000      -0.111066931945470     
   5.70832541666667        3.90632791666667      -0.104688736745292     
   5.70832541666667        4.20666083333333      -9.836602056078654E-002
   5.70832541666667        4.50699375000000      -9.233400799934462E-002
   5.70832541666667        4.80732666666667      -8.671746352652419E-002
   5.70832541666667        5.10765958333333      -8.153449513580847E-002
   5.70832541666667        5.40799250000000      -7.672855556713144E-002
   5.70832541666667        5.70832541666667      -7.220961733750314E-002
   5.70832541666667        6.00865833333333      -6.792859287990584E-002
   5.70832541666667        6.30899125000000      -6.387164292705810E-002
   5.70832541666667        6.60932416666667      -6.000256842360335E-002
   5.70832541666667        6.90965708333333      -5.630820742300423E-002
   5.70832541666667        7.20999000000000      -5.287198782219395E-002
   6.00865833333333       2.000000000000000E-003 -0.149172702382419     
   6.00865833333333       0.302332916666667      -0.147223293818950     
   6.00865833333333       0.602665833333333      -0.143390905012733     
   6.00865833333333       0.902998750000000      -0.140087624342410     
   6.00865833333333        1.20333166666667      -0.137446052540830     
   6.00865833333333        1.50366458333333      -0.134782381951214     
   6.00865833333333        1.80399750000000      -0.131658917677901     
   6.00865833333333        2.10433041666667      -0.128055465062940     
   6.00865833333333        2.40466333333333      -0.124184048470203     
   6.00865833333333        2.70499625000000      -0.120004630688572     
   6.00865833333333        3.00532916666667      -0.115434503765582     
   6.00865833333333        3.30566208333333      -0.110364555972629     
   6.00865833333333        3.60599500000000      -0.104736287140660     
   6.00865833333333        3.90632791666667      -9.875014799614236E-002
   6.00865833333333        4.20666083333333      -9.281083749651349E-002
   6.00865833333333        4.50699375000000      -8.723198353290761E-002
   6.00865833333333        4.80732666666667      -8.211540791025673E-002
   6.00865833333333        5.10765958333333      -7.744214243543207E-002
   6.00865833333333        5.40799250000000      -7.312561329902810E-002
   6.00865833333333        5.70832541666667      -6.909682035703579E-002
   6.00865833333333        6.00865833333333      -6.530078750233283E-002
   6.00865833333333        6.30899125000000      -6.166971590036326E-002
   6.00865833333333        6.60932416666667      -5.808099662407784E-002
   6.00865833333333        6.90965708333333      -5.445371559868772E-002
   6.00865833333333        7.20999000000000      -5.104185923602757E-002
   6.30899125000000       2.000000000000000E-003 -0.149317094008076     
   6.30899125000000       0.302332916666667      -0.144475333734351     
   6.30899125000000       0.602665833333333      -0.136936728737131     
   6.30899125000000       0.902998750000000      -0.132202587471546     
   6.30899125000000        1.20333166666667      -0.129036695055181     
   6.30899125000000        1.50366458333333      -0.126017184649599     
   6.30899125000000        1.80399750000000      -0.122743311460597     
   6.30899125000000        2.10433041666667      -0.119246594590237     
   6.30899125000000        2.40466333333333      -0.115681721350949     
   6.30899125000000        2.70499625000000      -0.112062010902967     
   6.30899125000000        3.00532916666667      -0.108268957535177     
   6.30899125000000        3.30566208333333      -0.103928477926878     
   6.30899125000000        3.60599500000000      -9.879612589152878E-002
   6.30899125000000        3.90632791666667      -9.315658729905982E-002
   6.30899125000000        4.20666083333333      -8.756245287884347E-002
   6.30899125000000        4.50699375000000      -8.240490506612481E-002
   6.30899125000000        4.80732666666667      -7.774163177610199E-002
   6.30899125000000        5.10765958333333      -7.346069180473290E-002
   6.30899125000000        5.40799250000000      -6.952908786370947E-002
   6.30899125000000        5.70832541666667      -6.592883492368795E-002
   6.30899125000000        6.00865833333333      -6.256994068239180E-002
   6.30899125000000        6.30899125000000      -5.935316889618290E-002
   6.30899125000000        6.60932416666667      -5.603826355282532E-002
   6.30899125000000        6.90965708333333      -5.228209694692578E-002
   6.30899125000000        7.20999000000000      -4.861739279089179E-002
   6.60932416666667       2.000000000000000E-003 -0.150501702788139     
   6.60932416666667       0.302332916666667      -0.139703245602788     
   6.60932416666667       0.602665833333333      -0.128934051982097     
   6.60932416666667       0.902998750000000      -0.124610120912653     
   6.60932416666667        1.20333166666667      -0.121280780808759     
   6.60932416666667        1.50366458333333      -0.117660512820956     
   6.60932416666667        1.80399750000000      -0.113971326553938     
   6.60932416666667        2.10433041666667      -0.110497347744754     
   6.60932416666667        2.40466333333333      -0.107337726148930     
   6.60932416666667        2.70499625000000      -0.104381713470180     
   6.60932416666667        3.00532916666667      -0.101433991019220     
   6.60932416666667        3.30566208333333      -9.791171955090378E-002
   6.60932416666667        3.60599500000000      -9.332254021242956E-002
   6.60932416666667        3.90632791666667      -8.806033839876647E-002
   6.60932416666667        4.20666083333333      -8.284631828732103E-002
   6.60932416666667        4.50699375000000      -7.798449555627412E-002
   6.60932416666667        4.80732666666667      -7.364670913304827E-002
   6.60932416666667        5.10765958333333      -6.962480168016476E-002
   6.60932416666667        5.40799250000000      -6.599574645767139E-002
   6.60932416666667        5.70832541666667      -6.272109207155104E-002
   6.60932416666667        6.00865833333333      -5.969738779069851E-002
   6.60932416666667        6.30899125000000      -5.682999962054196E-002
   6.60932416666667        6.60932416666667      -5.389143031338921E-002
   6.60932416666667        6.90965708333333      -5.013409456920394E-002
   6.60932416666667        7.20999000000000      -4.585184375904441E-002
   6.90965708333333       2.000000000000000E-003 -0.140639324934783     
   6.90965708333333       0.302332916666667      -0.127178149177979     
   6.90965708333333       0.602665833333333      -0.120666687169049     
   6.90965708333333       0.902998750000000      -0.117964192003174     
   6.90965708333333        1.20333166666667      -0.114015261874155     
   6.90965708333333        1.50366458333333      -0.109587385802180     
   6.90965708333333        1.80399750000000      -0.105478657833880     
   6.90965708333333        2.10433041666667      -0.102062881146694     
   6.90965708333333        2.40466333333333      -9.935407580470761E-002
   6.90965708333333        2.70499625000000      -9.703369612485248E-002
   6.90965708333333        3.00532916666667      -9.491550397957914E-002
   6.90965708333333        3.30566208333333      -9.238152056855777E-002
   6.90965708333333        3.60599500000000      -8.866066118734994E-002
   6.90965708333333        3.90632791666667      -8.379738260096117E-002
   6.90965708333333        4.20666083333333      -7.891434170334521E-002
   6.90965708333333        4.50699375000000      -7.415488770562752E-002
   6.90965708333333        4.80732666666667      -6.985014692402149E-002
   6.90965708333333        5.10765958333333      -6.598303318519358E-002
   6.90965708333333        5.40799250000000      -6.256238862844456E-002
   6.90965708333333        5.70832541666667      -5.953120260097798E-002
   6.90965708333333        6.00865833333333      -5.674580716719180E-002
   6.90965708333333        6.30899125000000      -5.408393980285620E-002
   6.90965708333333        6.60932416666667      -5.149039742292129E-002
   6.90965708333333        6.90965708333333      -4.889264239427052E-002
   6.90965708333333        7.20999000000000      -4.513350816602624E-002
   7.20999000000000       2.000000000000000E-003 -0.122641215544743     
   7.20999000000000       0.302332916666667      -0.122583682218001     
   7.20999000000000       0.602665833333333      -0.117279001412813     
   7.20999000000000       0.902998750000000      -0.111929789558645     
   7.20999000000000        1.20333166666667      -0.106608049852918     
   7.20999000000000        1.50366458333333      -0.101708860575861     
   7.20999000000000        1.80399750000000      -9.756575819617315E-002
   7.20999000000000        2.10433041666667      -9.436557984320429E-002
   7.20999000000000        2.40466333333333      -9.205033624933955E-002
   7.20999000000000        2.70499625000000      -9.021072410542980E-002
   7.20999000000000        3.00532916666667      -8.870741263364522E-002
   7.20999000000000        3.30566208333333      -8.696925093123055E-002
   7.20999000000000        3.60599500000000      -8.489022451748891E-002
   7.20999000000000        3.90632791666667      -8.026086824960542E-002
   7.20999000000000        4.20666083333333      -7.555317229194516E-002
   7.20999000000000        4.50699375000000      -7.068756209542373E-002
   7.20999000000000        4.80732666666667      -6.629980770874362E-002
   7.20999000000000        5.10765958333333      -6.249175589085405E-002
   7.20999000000000        5.40799250000000      -5.924969905250779E-002
   7.20999000000000        5.70832541666667      -5.643752727017929E-002
   7.20999000000000        6.00865833333333      -5.391238199292510E-002
   7.20999000000000        6.30899125000000      -5.154556243430750E-002
   7.20999000000000        6.60932416666667      -4.929674923959179E-002
   7.20999000000000        6.90965708333333      -4.747249226009971E-002
   7.20999000000000        7.20999000000000      -4.522530829590804E-002
