  2.000000000000000E-003  2.000000000000000E-003 -0.229667851849413     
  2.000000000000000E-003  0.302332916666667      -0.231419224268879     
  2.000000000000000E-003  0.602665833333333      -0.221880947598015     
  2.000000000000000E-003  0.902998750000000      -0.207977052537628     
  2.000000000000000E-003   1.20333166666667      -0.194527069348397     
  2.000000000000000E-003   1.50366458333333      -0.182519540477078     
  2.000000000000000E-003   1.80399750000000      -0.171980180620081     
  2.000000000000000E-003   2.10433041666667      -0.162877712229176     
  2.000000000000000E-003   2.40466333333333      -0.155082191552249     
  2.000000000000000E-003   2.70499625000000      -0.148369510073157     
  2.000000000000000E-003   3.00532916666667      -0.142649336213263     
  2.000000000000000E-003   3.30566208333333      -0.136897516437244     
  2.000000000000000E-003   3.60599500000000      -0.130927699533738     
  2.000000000000000E-003   3.90632791666667      -0.122867184249431     
  2.000000000000000E-003   4.20666083333333      -0.114732433076852     
  2.000000000000000E-003   4.50699375000000      -0.105788665099395     
  2.000000000000000E-003   4.80732666666667      -9.750803369958246E-002
  2.000000000000000E-003   5.10765958333333      -9.048014553138121E-002
  2.000000000000000E-003   5.40799250000000      -8.486120931232530E-002
  2.000000000000000E-003   5.70832541666667      -8.037787764949610E-002
  2.000000000000000E-003   6.00865833333333      -7.684878195804375E-002
  2.000000000000000E-003   6.30899125000000      -7.415661032116297E-002
  2.000000000000000E-003   6.60932416666667      -7.201682507754803E-002
  2.000000000000000E-003   6.90965708333333      -6.925061511734204E-002
  2.000000000000000E-003   7.20999000000000      -6.546761164223711E-002
  0.302332916666667       2.000000000000000E-003 -0.262600328248818     
  0.302332916666667       0.302332916666667      -0.242587066095010     
  0.302332916666667       0.602665833333333      -0.231931458078395     
  0.302332916666667       0.902998750000000      -0.223043786615882     
  0.302332916666667        1.20333166666667      -0.211482902246279     
  0.302332916666667        1.50366458333333      -0.199489937857920     
  0.302332916666667        1.80399750000000      -0.188129593262055     
  0.302332916666667        2.10433041666667      -0.177709224571929     
  0.302332916666667        2.40466333333333      -0.168241464215268     
  0.302332916666667        2.70499625000000      -0.159715062842152     
  0.302332916666667        3.00532916666667      -0.151903698108592     
  0.302332916666667        3.30566208333333      -0.143893276000000     
  0.302332916666667        3.60599500000000      -0.135348449264985     
  0.302332916666667        3.90632791666667      -0.126930080111416     
  0.302332916666667        4.20666083333333      -0.118561761559550     
  0.302332916666667        4.50699375000000      -0.109869555156384     
  0.302332916666667        4.80732666666667      -0.101739623046418     
  0.302332916666667        5.10765958333333      -9.461423143072002E-002
  0.302332916666667        5.40799250000000      -8.862143077634693E-002
  0.302332916666667        5.70832541666667      -8.364656110242620E-002
  0.302332916666667        6.00865833333333      -7.950164295093862E-002
  0.302332916666667        6.30899125000000      -7.600343442827381E-002
  0.302332916666667        6.60932416666667      -7.282169758727103E-002
  0.302332916666667        6.90965708333333      -6.966875008994766E-002
  0.302332916666667        7.20999000000000      -6.628569585154112E-002
  0.602665833333333       2.000000000000000E-003 -0.287094681727404     
  0.602665833333333       0.302332916666667      -0.270391661901162     
  0.602665833333333       0.602665833333333      -0.251888143452920     
  0.602665833333333       0.902998750000000      -0.240425269220037     
  0.602665833333333        1.20333166666667      -0.229207173983651     
  0.602665833333333        1.50366458333333      -0.217325286905131     
  0.602665833333333        1.80399750000000      -0.205327998977427     
  0.602665833333333        2.10433041666667      -0.193604600889132     
  0.602665833333333        2.40466333333333      -0.182434129245199     
  0.602665833333333        2.70499625000000      -0.171965859314272     
  0.602665833333333        3.00532916666667      -0.161961350771372     
  0.602665833333333        3.30566208333333      -0.151711297823628     
  0.602665833333333        3.60599500000000      -0.141275337250592     
  0.602665833333333        3.90632791666667      -0.131555886401182     
  0.602665833333333        4.20666083333333      -0.122530921883382     
  0.602665833333333        4.50699375000000      -0.113904248156870     
  0.602665833333333        4.80732666666667      -0.105962304640721     
  0.602665833333333        5.10765958333333      -9.871856517721536E-002
  0.602665833333333        5.40799250000000      -9.237501862227261E-002
  0.602665833333333        5.70832541666667      -8.687605463050950E-002
  0.602665833333333        6.00865833333333      -8.209343110034938E-002
  0.602665833333333        6.30899125000000      -7.789028659718412E-002
  0.602665833333333        6.60932416666667      -7.409704092666171E-002
  0.602665833333333        6.90965708333333      -7.045964872243170E-002
  0.602665833333333        7.20999000000000      -6.628502765209561E-002
  0.902998750000000       2.000000000000000E-003 -0.302734921046360     
  0.902998750000000       0.302332916666667      -0.293589929460016     
  0.902998750000000       0.602665833333333      -0.277132634618120     
  0.902998750000000       0.902998750000000      -0.262697337568013     
  0.902998750000000        1.20333166666667      -0.249569479389533     
  0.902998750000000        1.50366458333333      -0.236445776224188     
  0.902998750000000        1.80399750000000      -0.223139679159608     
  0.902998750000000        2.10433041666667      -0.209858754702730     
  0.902998750000000        2.40466333333333      -0.197070262798887     
  0.902998750000000        2.70499625000000      -0.184778144979701     
  0.902998750000000        3.00532916666667      -0.172813831059073     
  0.902998750000000        3.30566208333333      -0.160820973613614     
  0.902998750000000        3.60599500000000      -0.148911377972960     
  0.902998750000000        3.90632791666667      -0.137732223387728     
  0.902998750000000        4.20666083333333      -0.127633200387432     
  0.902998750000000        4.50699375000000      -0.118589726653020     
  0.902998750000000        4.80732666666667      -0.110358976845662     
  0.902998750000000        5.10765958333333      -0.102807977588389     
  0.902998750000000        5.40799250000000      -9.603713309583231E-002
  0.902998750000000        5.70832541666667      -8.998584987843225E-002
  0.902998750000000        6.00865833333333      -8.457887596657579E-002
  0.902998750000000        6.30899125000000      -7.975835349724338E-002
  0.902998750000000        6.60932416666667      -7.540524611819077E-002
  0.902998750000000        6.90965708333333      -7.120960204309201E-002
  0.902998750000000        7.20999000000000      -6.679427317448806E-002
   1.20333166666667       2.000000000000000E-003 -0.326557719029395     
   1.20333166666667       0.302332916666667      -0.320654203618195     
   1.20333166666667       0.602665833333333      -0.306877886319424     
   1.20333166666667       0.902998750000000      -0.290742130448967     
   1.20333166666667        1.20333166666667      -0.274285723352801     
   1.20333166666667        1.50366458333333      -0.257864710476460     
   1.20333166666667        1.80399750000000      -0.241713269546879     
   1.20333166666667        2.10433041666667      -0.226176354072188     
   1.20333166666667        2.40466333333333      -0.211570867606716     
   1.20333166666667        2.70499625000000      -0.197559217579743     
   1.20333166666667        3.00532916666667      -0.183782434342765     
   1.20333166666667        3.30566208333333      -0.170154067773260     
   1.20333166666667        3.60599500000000      -0.156860554163638     
   1.20333166666667        3.90632791666667      -0.144430287152862     
   1.20333166666667        4.20666083333333      -0.133336081329864     
   1.20333166666667        4.50699375000000      -0.123569880613736     
   1.20333166666667        4.80732666666667      -0.114802729293741     
   1.20333166666667        5.10765958333333      -0.106792934321867     
   1.20333166666667        5.40799250000000      -9.949327055359175E-002
   1.20333166666667        5.70832541666667      -9.283494373685490E-002
   1.20333166666667        6.00865833333333      -8.677248187671688E-002
   1.20333166666667        6.30899125000000      -8.130832584919929E-002
   1.20333166666667        6.60932416666667      -7.635632112736374E-002
   1.20333166666667        6.90965708333333      -7.169157774555246E-002
   1.20333166666667        7.20999000000000      -6.710643875359006E-002
   1.50366458333333       2.000000000000000E-003 -0.373687239613657     
   1.50366458333333       0.302332916666667      -0.367742692513132     
   1.50366458333333       0.602665833333333      -0.352049784335678     
   1.50366458333333       0.902998750000000      -0.330742477189204     
   1.50366458333333        1.20333166666667      -0.307349412291971     
   1.50366458333333        1.50366458333333      -0.284148133751994     
   1.50366458333333        1.80399750000000      -0.262392655209349     
   1.50366458333333        2.10433041666667      -0.242830201383322     
   1.50366458333333        2.40466333333333      -0.225560314108203     
   1.50366458333333        2.70499625000000      -0.209705417017373     
   1.50366458333333        3.00532916666667      -0.194376157343811     
   1.50366458333333        3.30566208333333      -0.179245658669815     
   1.50366458333333        3.60599500000000      -0.164597946402847     
   1.50366458333333        3.90632791666667      -0.151024433162001     
   1.50366458333333        4.20666083333333      -0.138975457853312     
   1.50366458333333        4.50699375000000      -0.128459350566860     
   1.50366458333333        4.80732666666667      -0.119127900968288     
   1.50366458333333        5.10765958333333      -0.110591168434251     
   1.50366458333333        5.40799250000000      -0.102658262976414     
   1.50366458333333        5.70832541666667      -9.533311559424366E-002
   1.50366458333333        6.00865833333333      -8.859152054400822E-002
   1.50366458333333        6.30899125000000      -8.248078364040835E-002
   1.50366458333333        6.60932416666667      -7.696697617097041E-002
   1.50366458333333        6.90965708333333      -7.190084987985586E-002
   1.50366458333333        7.20999000000000      -6.714025961899121E-002
   1.80399750000000       2.000000000000000E-003 -0.459148603561408     
   1.80399750000000       0.302332916666667      -0.450055781527881     
   1.80399750000000       0.602665833333333      -0.425774458416871     
   1.80399750000000       0.902998750000000      -0.391895548548660     
   1.80399750000000        1.20333166666667      -0.354822501405033     
   1.80399750000000        1.50366458333333      -0.318961339803315     
   1.80399750000000        1.80399750000000      -0.286943035675084     
   1.80399750000000        2.10433041666667      -0.260493448493039     
   1.80399750000000        2.40466333333333      -0.239036568696687     
   1.80399750000000        2.70499625000000      -0.220780012778359     
   1.80399750000000        3.00532916666667      -0.203972672576966     
   1.80399750000000        3.30566208333333      -0.187688532737907     
   1.80399750000000        3.60599500000000      -0.171952431426250     
   1.80399750000000        3.90632791666667      -0.157333727269099     
   1.80399750000000        4.20666083333333      -0.144354372530070     
   1.80399750000000        4.50699375000000      -0.133090004406441     
   1.80399750000000        4.80732666666667      -0.123171794958753     
   1.80399750000000        5.10765958333333      -0.114094460970879     
   1.80399750000000        5.40799250000000      -0.105543011186782     
   1.80399750000000        5.70832541666667      -9.749662513551195E-002
   1.80399750000000        6.00865833333333      -9.007618440114053E-002
   1.80399750000000        6.30899125000000      -8.334791868992265E-002
   1.80399750000000        6.60932416666667      -7.732160145977404E-002
   1.80399750000000        6.90965708333333      -7.189580255082341E-002
   1.80399750000000        7.20999000000000      -6.695917909722672E-002
   2.10433041666667       2.000000000000000E-003 -0.601080245364081     
   2.10433041666667       0.302332916666667      -0.584875697707120     
   2.10433041666667       0.602665833333333      -0.541346837396773     
   2.10433041666667       0.902998750000000      -0.483066896372422     
   2.10433041666667        1.20333166666667      -0.420992645687558     
   2.10433041666667        1.50366458333333      -0.363907556992596     
   2.10433041666667        1.80399750000000      -0.316566334829611     
   2.10433041666667        2.10433041666667      -0.279943651685198     
   2.10433041666667        2.40466333333333      -0.252322321033291     
   2.10433041666667        2.70499625000000      -0.230699402932188     
   2.10433041666667        3.00532916666667      -0.212176013679853     
   2.10433041666667        3.30566208333333      -0.194920137151534     
   2.10433041666667        3.60599500000000      -0.178406081613569     
   2.10433041666667        3.90632791666667      -0.162994929805517     
   2.10433041666667        4.20666083333333      -0.149228105201798     
   2.10433041666667        4.50699375000000      -0.137270135802961     
   2.10433041666667        4.80732666666667      -0.126781618458532     
   2.10433041666667        5.10765958333333      -0.117193564971721     
   2.10433041666667        5.40799250000000      -0.108095180739359     
   2.10433041666667        5.70832541666667      -9.942184758281117E-002
   2.10433041666667        6.00865833333333      -9.134654577853464E-002
   2.10433041666667        6.30899125000000      -8.403310877200545E-002
   2.10433041666667        6.60932416666667      -7.749911952247747E-002
   2.10433041666667        6.90965708333333      -7.170621349159732E-002
   2.10433041666667        7.20999000000000      -6.658027224991253E-002
   2.40466333333333       2.000000000000000E-003 -0.826667779029578     
   2.40466333333333       0.302332916666667      -0.794339318146211     
   2.40466333333333       0.602665833333333      -0.710706318474341     
   2.40466333333333       0.902998750000000      -0.606361602503574     
   2.40466333333333        1.20333166666667      -0.505166746061932     
   2.40466333333333        1.50366458333333      -0.418960667344163     
   2.40466333333333        1.80399750000000      -0.351361575125418     
   2.40466333333333        2.10433041666667      -0.301421916385174     
   2.40466333333333        2.40466333333333      -0.265680783968646     
   2.40466333333333        2.70499625000000      -0.239606316905598     
   2.40466333333333        3.00532916666667      -0.218937467970988     
   2.40466333333333        3.30566208333333      -0.200721023636363     
   2.40466333333333        3.60599500000000      -0.183658216926145     
   2.40466333333333        3.90632791666667      -0.167719763756817     
   2.40466333333333        4.20666083333333      -0.153365961335263     
   2.40466333333333        4.50699375000000      -0.140831128123269     
   2.40466333333333        4.80732666666667      -0.129839663800834     
   2.40466333333333        5.10765958333333      -0.119808544291264     
   2.40466333333333        5.40799250000000      -0.110261730375653     
   2.40466333333333        5.70832541666667      -0.101084011532150     
   2.40466333333333        6.00865833333333      -9.245083471028386E-002
   2.40466333333333        6.30899125000000      -8.456368279974050E-002
   2.40466333333333        6.60932416666667      -7.747093888528769E-002
   2.40466333333333        6.90965708333333      -7.117605704016343E-002
   2.40466333333333        7.20999000000000      -6.585198750005779E-002
   2.70499625000000       2.000000000000000E-003  -1.13492471928110     
   2.70499625000000       0.302332916666667       -1.08075248997461     
   2.70499625000000       0.602665833333333      -0.940429363139297     
   2.70499625000000       0.902998750000000      -0.764437092717177     
   2.70499625000000        1.20333166666667      -0.605115052231962     
   2.70499625000000        1.50366458333333      -0.481040033976660     
   2.70499625000000        1.80399750000000      -0.389156148001601     
   2.70499625000000        2.10433041666667      -0.323836749780114     
   2.70499625000000        2.40466333333333      -0.278769558409923     
   2.70499625000000        2.70499625000000      -0.247524744924064     
   2.70499625000000        3.00532916666667      -0.224360562926471     
   2.70499625000000        3.30566208333333      -0.205118188592066     
   2.70499625000000        3.60599500000000      -0.187624781450623     
   2.70499625000000        3.90632791666667      -0.171359327695556     
   2.70499625000000        4.20666083333333      -0.156617739617255     
   2.70499625000000        4.50699375000000      -0.143659087466538     
   2.70499625000000        4.80732666666667      -0.132272711087665     
   2.70499625000000        5.10765958333333      -0.121893419799895     
   2.70499625000000        5.40799250000000      -0.112009230306913     
   2.70499625000000        5.70832541666667      -0.102453808870402     
   2.70499625000000        6.00865833333333      -9.336521465306297E-002
   2.70499625000000        6.30899125000000      -8.489413881529639E-002
   2.70499625000000        6.60932416666667      -7.711147561273855E-002
   2.70499625000000        6.90965708333333      -7.035133786266666E-002
   2.70499625000000        7.20999000000000      -6.492517908311894E-002
   3.00532916666667       2.000000000000000E-003  -1.46733923398138     
   3.00532916666667       0.302332916666667       -1.39146027929706     
   3.00532916666667       0.602665833333333       -1.19085140004695     
   3.00532916666667       0.902998750000000      -0.939853477398059     
   3.00532916666667        1.20333166666667      -0.709825638163184     
   3.00532916666667        1.50366458333333      -0.541817819508052     
   3.00532916666667        1.80399750000000      -0.424774866940435     
   3.00532916666667        2.10433041666667      -0.344384341567408     
   3.00532916666667        2.40466333333333      -0.290331500144342     
   3.00532916666667        2.70499625000000      -0.254073712579541     
   3.00532916666667        3.00532916666667      -0.228451391596506     
   3.00532916666667        3.30566208333333      -0.208200233583493     
   3.00532916666667        3.60599500000000      -0.190341646704580     
   3.00532916666667        3.90632791666667      -0.173882181739554     
   3.00532916666667        4.20666083333333      -0.158920226761623     
   3.00532916666667        4.50699375000000      -0.145693825241988     
   3.00532916666667        4.80732666666667      -0.134037889306455     
   3.00532916666667        5.10765958333333      -0.123417278617597     
   3.00532916666667        5.40799250000000      -0.113306788477773     
   3.00532916666667        5.70832541666667      -0.103498446535721     
   3.00532916666667        6.00865833333333      -9.407761111441920E-002
   3.00532916666667        6.30899125000000      -8.513623690827730E-002
   3.00532916666667        6.60932416666667      -7.685916649583328E-002
   3.00532916666667        6.90965708333333      -6.971840687828199E-002
   3.00532916666667        7.20999000000000      -6.423936606750934E-002
   3.30566208333333       2.000000000000000E-003  -1.70552158500839     
   3.30566208333333       0.302332916666667       -1.61915234720894     
   3.30566208333333       0.602665833333333       -1.38705604276216     
   3.30566208333333       0.902998750000000       -1.07869884748318     
   3.30566208333333        1.20333166666667      -0.794698527671362     
   3.30566208333333        1.50366458333333      -0.587834662404979     
   3.30566208333333        1.80399750000000      -0.450828085693321     
   3.30566208333333        2.10433041666667      -0.359124459366308     
   3.30566208333333        2.40466333333333      -0.298459685485018     
   3.30566208333333        2.70499625000000      -0.258506943018667     
   3.30566208333333        3.00532916666667      -0.231043338438665     
   3.30566208333333        3.30566208333333      -0.210016556915182     
   3.30566208333333        3.60599500000000      -0.191887463847663     
   3.30566208333333        3.90632791666667      -0.175331460412397     
   3.30566208333333        4.20666083333333      -0.160274801382461     
   3.30566208333333        4.50699375000000      -0.146912221870873     
   3.30566208333333        4.80732666666667      -0.135106133287133     
   3.30566208333333        5.10765958333333      -0.124348783675682     
   3.30566208333333        5.40799250000000      -0.114113311695473     
   3.30566208333333        5.70832541666667      -0.104166625156046     
   3.30566208333333        6.00865833333333      -9.455959641550572E-002
   3.30566208333333        6.30899125000000      -8.537490582986704E-002
   3.30566208333333        6.60932416666667      -7.683962258272690E-002
   3.30566208333333        6.90965708333333      -6.961091884121028E-002
   3.30566208333333        7.20999000000000      -6.414832990209544E-002
   3.60599500000000       2.000000000000000E-003  -1.90751157943821     
   3.60599500000000       0.302332916666667       -1.69747214057755     
   3.60599500000000       0.602665833333333       -1.45852996674175     
   3.60599500000000       0.902998750000000       -1.13146258455628     
   3.60599500000000        1.20333166666667      -0.827441689637194     
   3.60599500000000        1.50366458333333      -0.605201172672795     
   3.60599500000000        1.80399750000000      -0.460454108032017     
   3.60599500000000        2.10433041666667      -0.364512951421081     
   3.60599500000000        2.40466333333333      -0.301403572307198     
   3.60599500000000        2.70499625000000      -0.260084652465986     
   3.60599500000000        3.00532916666667      -0.231933178398286     
   3.60599500000000        3.30566208333333      -0.210609098699840     
   3.60599500000000        3.60599500000000      -0.192375374692646     
   3.60599500000000        3.90632791666667      -0.175793908793109     
   3.60599500000000        4.20666083333333      -0.160716668746975     
   3.60599500000000        4.50699375000000      -0.147314938149194     
   3.60599500000000        4.80732666666667      -0.135461992688572     
   3.60599500000000        5.10765958333333      -0.124661739168895     
   3.60599500000000        5.40799250000000      -0.114387825918184     
   3.60599500000000        5.70832541666667      -0.104399331726783     
   3.60599500000000        6.00865833333333      -9.473933839922799E-002
   3.60599500000000        6.30899125000000      -8.549125580391083E-002
   3.60599500000000        6.60932416666667      -7.692460553003243E-002
   3.60599500000000        6.90965708333333      -6.988833427213337E-002
   3.60599500000000        7.20999000000000      -6.451574537127351E-002
   3.90632791666667       2.000000000000000E-003  -1.70552361774631     
   3.90632791666667       0.302332916666667       -1.61894314310913     
   3.90632791666667       0.602665833333333       -1.38686842621183     
   3.90632791666667       0.902998750000000       -1.07858993998966     
   3.90632791666667        1.20333166666667      -0.794648251723676     
   3.90632791666667        1.50366458333333      -0.587812355535282     
   3.90632791666667        1.80399750000000      -0.450816391378124     
   3.90632791666667        2.10433041666667      -0.359116777198419     
   3.90632791666667        2.40466333333333      -0.298452999157820     
   3.90632791666667        2.70499625000000      -0.258500019057565     
   3.90632791666667        3.00532916666667      -0.231035958170670     
   3.90632791666667        3.30566208333333      -0.210009068769835     
   3.90632791666667        3.60599500000000      -0.191880394191659     
   3.90632791666667        3.90632791666667      -0.175325106003276     
   3.90632791666667        4.20666083333333      -0.160269260126244     
   3.90632791666667        4.50699375000000      -0.146907516539646     
   3.90632791666667        4.80732666666667      -0.135102298850516     
   3.90632791666667        5.10765958333333      -0.124346100929542     
   3.90632791666667        5.40799250000000      -0.114112256135755     
   3.90632791666667        5.70832541666667      -0.104167990756158     
   3.90632791666667        6.00865833333333      -9.456492357974419E-002
   3.90632791666667        6.30899125000000      -8.538683732393251E-002
   3.90632791666667        6.60932416666667      -7.685982735375579E-002
   3.90632791666667        6.90965708333333      -6.963741397228426E-002
   3.90632791666667        7.20999000000000      -6.417535401672085E-002
   4.20666083333333       2.000000000000000E-003  -1.46734525311929     
   4.20666083333333       0.302332916666667       -1.39127470478404     
   4.20666083333333       0.602665833333333       -1.19064788343058     
   4.20666083333333       0.902998750000000      -0.939720475070590     
   4.20666083333333        1.20333166666667      -0.709760495612177     
   4.20666083333333        1.50366458333333      -0.541785995326808     
   4.20666083333333        1.80399750000000      -0.424757045464453     
   4.20666083333333        2.10433041666667      -0.344371427506450     
   4.20666083333333        2.40466333333333      -0.290318899949943     
   4.20666083333333        2.70499625000000      -0.254059759545894     
   4.20666083333333        3.00532916666667      -0.228436283760140     
   4.20666083333333        3.30566208333333      -0.208185144503958     
   4.20666083333333        3.60599500000000      -0.190327671508845     
   4.20666083333333        3.90632791666667      -0.173869785881535     
   4.20666083333333        4.20666083333333      -0.158909343537436     
   4.20666083333333        4.50699375000000      -0.145684195855985     
   4.20666083333333        4.80732666666667      -0.134029508213553     
   4.20666083333333        5.10765958333333      -0.123410668673856     
   4.20666083333333        5.40799250000000      -0.113302946698068     
   4.20666083333333        5.70832541666667      -0.103498809647575     
   4.20666083333333        6.00865833333333      -9.408448436342420E-002
   4.20666083333333        6.30899125000000      -8.515363640910931E-002
   4.20666083333333        6.60932416666667      -7.688979420097862E-002
   4.20666083333333        6.90965708333333      -6.976078619700257E-002
   4.20666083333333        7.20999000000000      -6.428590494834657E-002
   4.50699375000000       2.000000000000000E-003  -1.13493186378742     
   4.50699375000000       0.302332916666667       -1.08064993478525     
   4.50699375000000       0.602665833333333      -0.940300642330660     
   4.50699375000000       0.902998750000000      -0.764346352654458     
   4.50699375000000        1.20333166666667      -0.605064728591169     
   4.50699375000000        1.50366458333333      -0.481012859678580     
   4.50699375000000        1.80399750000000      -0.389139043234312     
   4.50699375000000        2.10433041666667      -0.323821294076453     
   4.50699375000000        2.40466333333333      -0.278751346425806     
   4.50699375000000        2.70499625000000      -0.247502956018939     
   4.50699375000000        3.00532916666667      -0.224336919952630     
   4.50699375000000        3.30566208333333      -0.205095240151186     
   4.50699375000000        3.60599500000000      -0.187604350510346     
   4.50699375000000        3.90632791666667      -0.171341677233785     
   4.50699375000000        4.20666083333333      -0.156602145813408     
   4.50699375000000        4.50699375000000      -0.143644577624270     
   4.50699375000000        4.80732666666667      -0.132258968291320     
   4.50699375000000        5.10765958333333      -0.121881243694403     
   4.50699375000000        5.40799250000000      -0.112000175454835     
   4.50699375000000        5.70832541666667      -0.102449840147654     
   4.50699375000000        6.00865833333333      -9.336865547275550E-002
   4.50699375000000        6.30899125000000      -8.490822203121952E-002
   4.50699375000000        6.60932416666667      -7.713923754631893E-002
   4.50699375000000        6.90965708333333      -7.039078997511400E-002
   4.50699375000000        7.20999000000000      -6.496897511294343E-002
   4.80732666666667       2.000000000000000E-003 -0.826673386811324     
   4.80732666666667       0.302332916666667      -0.794298311081859     
   4.80732666666667       0.602665833333333      -0.710651387311323     
   4.80732666666667       0.902998750000000      -0.606318515721290     
   4.80732666666667        1.20333166666667      -0.505140591537088     
   4.80732666666667        1.50366458333333      -0.418945439183213     
   4.80732666666667        1.80399750000000      -0.351348644497777     
   4.80732666666667        2.10433041666667      -0.301404337498310     
   4.80732666666667        2.40466333333333      -0.265655505730264     
   4.80732666666667        2.70499625000000      -0.239574747269809     
   4.80732666666667        3.00532916666667      -0.218903849077397     
   4.80732666666667        3.30566208333333      -0.200689882364328     
   4.80732666666667        3.60599500000000      -0.183632091068933     
   4.80732666666667        3.90632791666667      -0.167698435628202     
   4.80732666666667        4.20666083333333      -0.153347162659339     
   4.80732666666667        4.50699375000000      -0.140812577328662     
   4.80732666666667        4.80732666666667      -0.129820548201095     
   4.80732666666667        5.10765958333333      -0.119789889437720     
   4.80732666666667        5.40799250000000      -0.110245772899343     
   4.80732666666667        5.70832541666667      -0.101073218901868     
   4.80732666666667        6.00865833333333      -9.244734305017092E-002
   4.80732666666667        6.30899125000000      -8.456935729867614E-002
   4.80732666666667        6.60932416666667      -7.748723572271471E-002
   4.80732666666667        6.90965708333333      -7.120252566939911E-002
   4.80732666666667        7.20999000000000      -6.588385905951084E-002
   5.10765958333333       2.000000000000000E-003 -0.601083411299557     
   5.10765958333333       0.302332916666667      -0.584865565359217     
   5.10765958333333       0.602665833333333      -0.541332741857280     
   5.10765958333333       0.902998750000000      -0.483056804494746     
   5.10765958333333        1.20333166666667      -0.420988117578690     
   5.10765958333333        1.50366458333333      -0.363903968717129     
   5.10765958333333        1.80399750000000      -0.316556242046286     
   5.10765958333333        2.10433041666667      -0.279921226123884     
   5.10765958333333        2.40466333333333      -0.252286600009139     
   5.10765958333333        2.70499625000000      -0.230654785981446     
   5.10765958333333        3.00532916666667      -0.212130240138100     
   5.10765958333333        3.30566208333333      -0.194880438752701     
   5.10765958333333        3.60599500000000      -0.178375697950162     
   5.10765958333333        3.90632791666667      -0.162972243806552     
   5.10765958333333        4.20666083333333      -0.149208558010378     
   5.10765958333333        4.50699375000000      -0.137249557164345     
   5.10765958333333        4.80732666666667      -0.126758427540635     
   5.10765958333333        5.10765958333333      -0.117169144105979     
   5.10765958333333        5.40799250000000      -0.108072492873537     
   5.10765958333333        5.70832541666667      -9.940379931438881E-002
   5.10765958333333        6.00865833333333      -9.133507630658731E-002
   5.10765958333333        6.30899125000000      -8.402942555035492E-002
   5.10765958333333        6.60932416666667      -7.750415535506897E-002
   5.10765958333333        6.90965708333333      -7.172028823295869E-002
   5.10765958333333        7.20999000000000      -6.660205157380078E-002
   5.40799250000000       2.000000000000000E-003 -0.459149737455104     
   5.40799250000000       0.302332916666667      -0.450054271297300     
   5.40799250000000       0.602665833333333      -0.425775360282263     
   5.40799250000000       0.902998750000000      -0.391902865484670     
   5.40799250000000        1.20333166666667      -0.354832728913113     
   5.40799250000000        1.50366458333333      -0.318964930478145     
   5.40799250000000        1.80399750000000      -0.286931599847898     
   5.40799250000000        2.10433041666667      -0.260461748586428     
   5.40799250000000        2.40466333333333      -0.238985727763505     
   5.40799250000000        2.70499625000000      -0.220718264502803     
   5.40799250000000        3.00532916666667      -0.203912269358984     
   5.40799250000000        3.30566208333333      -0.187640183221169     
   5.40799250000000        3.60599500000000      -0.171920038562020     
   5.40799250000000        3.90632791666667      -0.157313244004692     
   5.40799250000000        4.20666083333333      -0.144337673689345     
   5.40799250000000        4.50699375000000      -0.133070358481384     
   5.40799250000000        4.80732666666667      -0.123147067412183     
   5.40799250000000        5.10765958333333      -0.114066739615844     
   5.40799250000000        5.40799250000000      -0.105516063443535     
   5.40799250000000        5.70832541666667      -9.747341851296587E-002
   5.40799250000000        6.00865833333333      -9.005805361941563E-002
   5.40799250000000        6.30899125000000      -8.333563957343125E-002
   5.40799250000000        6.60932416666667      -7.731665070984135E-002
   5.40799250000000        6.90965708333333      -7.190081115256054E-002
   5.40799250000000        7.20999000000000      -6.697609457787174E-002
   5.70832541666667       2.000000000000000E-003 -0.373686930265711     
   5.70832541666667       0.302332916666667      -0.367737446710242     
   5.70832541666667       0.602665833333333      -0.352047531055804     
   5.70832541666667       0.902998750000000      -0.330749338558656     
   5.70832541666667        1.20333166666667      -0.307362201342750     
   5.70832541666667        1.50366458333333      -0.284153768043469     
   5.70832541666667        1.80399750000000      -0.262376146582476     
   5.70832541666667        2.10433041666667      -0.242785177350550     
   5.70832541666667        2.40466333333333      -0.225489874740051     
   5.70832541666667        2.70499625000000      -0.209621731049885     
   5.70832541666667        3.00532916666667      -0.194297367993973     
   5.70832541666667        3.30566208333333      -0.179188221849059     
   5.70832541666667        3.60599500000000      -0.164567351206559     
   5.70832541666667        3.90632791666667      -0.151011948203523     
   5.70832541666667        4.20666083333333      -0.138966360388398     
   5.70832541666667        4.50699375000000      -0.128443822631170     
   5.70832541666667        4.80732666666667      -0.119104425060863     
   5.70832541666667        5.10765958333333      -0.110563624455041     
   5.70832541666667        5.40799250000000      -0.102631474001972     
   5.70832541666667        5.70832541666667      -9.530967203766903E-002
   5.70832541666667        6.00865833333333      -8.857167440552471E-002
   5.70832541666667        6.30899125000000      -8.246364134262624E-002
   5.70832541666667        6.60932416666667      -7.695345184078307E-002
   5.70832541666667        6.90965708333333      -7.189598659639092E-002
   5.70832541666667        7.20999000000000      -6.715111299742614E-002
   6.00865833333333       2.000000000000000E-003 -0.326556231673028     
   6.00865833333333       0.302332916666667      -0.320638670112154     
   6.00865833333333       0.602665833333333      -0.306862777972820     
   6.00865833333333       0.902998750000000      -0.290740473152878     
   6.00865833333333        1.20333166666667      -0.274295277677503     
   6.00865833333333        1.50366458333333      -0.257868952340326     
   6.00865833333333        1.80399750000000      -0.241691606298823     
   6.00865833333333        2.10433041666667      -0.226116759603023     
   6.00865833333333        2.40466333333333      -0.211476737633096     
   6.00865833333333        2.70499625000000      -0.197445603669213     
   6.00865833333333        3.00532916666667      -0.183675376129319     
   6.00865833333333        3.30566208333333      -0.170084022784358     
   6.00865833333333        3.60599500000000      -0.156840101548406     
   6.00865833333333        3.90632791666667      -0.144438477398795     
   6.00865833333333        4.20666083333333      -0.133341768496679     
   6.00865833333333        4.50699375000000      -0.123560421978234     
   6.00865833333333        4.80732666666667      -0.114781627499483     
   6.00865833333333        5.10765958333333      -0.106768694878141     
   6.00865833333333        5.40799250000000      -9.947283846057510E-002
   6.00865833333333        5.70832541666667      -9.282083198429653E-002
   6.00865833333333        6.00865833333333      -8.676154932091230E-002
   6.00865833333333        6.30899125000000      -8.129459363045527E-002
   6.00865833333333        6.60932416666667      -7.633712225707491E-002
   6.00865833333333        6.90965708333333      -7.167319981543722E-002
   6.00865833333333        7.20999000000000      -6.710337883650079E-002
   6.30899125000000       2.000000000000000E-003 -0.302732410901160     
   6.30899125000000       0.302332916666667      -0.293564168515702     
   6.30899125000000       0.602665833333333      -0.277103883796099     
   6.30899125000000       0.902998750000000      -0.262689037302015     
   6.30899125000000        1.20333166666667      -0.249580458831553     
   6.30899125000000        1.50366458333333      -0.236453189330223     
   6.30899125000000        1.80399750000000      -0.223116648166608     
   6.30899125000000        2.10433041666667      -0.209786890547221     
   6.30899125000000        2.40466333333333      -0.196948159578957     
   6.30899125000000        2.70499625000000      -0.184617050853288     
   6.30899125000000        3.00532916666667      -0.172651926485695     
   6.30899125000000        3.30566208333333      -0.160722550697450     
   6.30899125000000        3.60599500000000      -0.148904972127126     
   6.30899125000000        3.90632791666667      -0.137772298542649     
   6.30899125000000        4.20666083333333      -0.127658169403276     
   6.30899125000000        4.50699375000000      -0.118582376276103     
   6.30899125000000        4.80732666666667      -0.110336429393076     
   6.30899125000000        5.10765958333333      -0.102788330586443     
   6.30899125000000        5.40799250000000      -9.603071877259281E-002
   6.30899125000000        5.70832541666667      -8.999267207771300E-002
   6.30899125000000        6.00865833333333      -8.458859105773464E-002
   6.30899125000000        6.30899125000000      -7.975550894720039E-002
   6.30899125000000        6.60932416666667      -7.538045972729362E-002
   6.30899125000000        6.90965708333333      -7.116901278165466E-002
   6.30899125000000        7.20999000000000      -6.676039717682969E-002
   6.60932416666667       2.000000000000000E-003 -0.287091550603910     
   6.60932416666667       0.302332916666667      -0.270355839686037     
   6.60932416666667       0.602665833333333      -0.251840642694643     
   6.60932416666667       0.902998750000000      -0.240411680217828     
   6.60932416666667        1.20333166666667      -0.229226533575447     
   6.60932416666667        1.50366458333333      -0.217343394840464     
   6.60932416666667        1.80399750000000      -0.205309902556479     
   6.60932416666667        2.10433041666667      -0.193525982135738     
   6.60932416666667        2.40466333333333      -0.182281245252357     
   6.60932416666667        2.70499625000000      -0.171738521888981     
   6.60932416666667        3.00532916666667      -0.161714691032576     
   6.60932416666667        3.30566208333333      -0.151549234231872     
   6.60932416666667        3.60599500000000      -0.141264690030282     
   6.60932416666667        3.90632791666667      -0.131606128163395     
   6.60932416666667        4.20666083333333      -0.122541310099031     
   6.60932416666667        4.50699375000000      -0.113873176131742     
   6.60932416666667        4.80732666666667      -0.105925317233154     
   6.60932416666667        5.10765958333333      -9.870127792503479E-002
   6.60932416666667        5.40799250000000      -9.238676806032424E-002
   6.60932416666667        5.70832541666667      -8.691016514150809E-002
   6.60932416666667        6.00865833333333      -8.212726773560287E-002
   6.60932416666667        6.30899125000000      -7.789085504907878E-002
   6.60932416666667        6.60932416666667      -7.404689193768307E-002
   6.60932416666667        6.90965708333333      -7.038234962173001E-002
   6.60932416666667        7.20999000000000      -6.620824946020000E-002
   6.90965708333333       2.000000000000000E-003 -0.262596629902007     
   6.90965708333333       0.302332916666667      -0.242497746000013     
   6.90965708333333       0.602665833333333      -0.231818945467167     
   6.90965708333333       0.902998750000000      -0.223010259716948     
   6.90965708333333        1.20333166666667      -0.211508859791616     
   6.90965708333333        1.50366458333333      -0.199519455108098     
   6.90965708333333        1.80399750000000      -0.188119529429218     
   6.90965708333333        2.10433041666667      -0.177630575219477     
   6.90965708333333        2.40466333333333      -0.168067582655850     
   6.90965708333333        2.70499625000000      -0.159442341639133     
   6.90965708333333        3.00532916666667      -0.151579399774100     
   6.90965708333333        3.30566208333333      -0.143640506222180     
   6.90965708333333        3.60599500000000      -0.135291503445250     
   6.90965708333333        3.90632791666667      -0.126906206286993     
   6.90965708333333        4.20666083333333      -0.118478047497259     
   6.90965708333333        4.50699375000000      -0.109768720152842     
   6.90965708333333        4.80732666666667      -0.101668121975625     
   6.90965708333333        5.10765958333333      -9.459335073522222E-002
   6.90965708333333        5.40799250000000      -8.864857532356979E-002
   6.90965708333333        5.70832541666667      -8.370433914014425E-002
   6.90965708333333        6.00865833333333      -7.955038518982387E-002
   6.90965708333333        6.30899125000000      -7.597846421223542E-002
   6.90965708333333        6.60932416666667      -7.268497819957828E-002
   6.90965708333333        6.90965708333333      -6.954203324952558E-002
   6.90965708333333        7.20999000000000      -6.623564823420852E-002
   7.20999000000000       2.000000000000000E-003 -0.229663180730489     
   7.20999000000000       0.302332916666667      -0.231274797519788     
   7.20999000000000       0.602665833333333      -0.221695974196438     
   7.20999000000000       0.902998750000000      -0.207921616742456     
   7.20999000000000        1.20333166666667      -0.194550252205718     
   7.20999000000000        1.50366458333333      -0.182550817256454     
   7.20999000000000        1.80399750000000      -0.171973759245938     
   7.20999000000000        2.10433041666667      -0.162806173978127     
   7.20999000000000        2.40466333333333      -0.154919771019347     
   7.20999000000000        2.70499625000000      -0.148120029621125     
   7.20999000000000        3.00532916666667      -0.142356572219540     
   7.20999000000000        3.30566208333333      -0.136666259397257     
   7.20999000000000        3.60599500000000      -0.130860494697335     
   7.20999000000000        3.90632791666667      -0.122675747500068     
   7.20999000000000        4.20666083333333      -0.114506008875988     
   7.20999000000000        4.50699375000000      -0.105602997865159     
   7.20999000000000        4.80732666666667      -9.739687160614151E-002
   7.20999000000000        5.10765958333333      -9.045067633044028E-002
   7.20999000000000        5.40799250000000      -8.489489081354804E-002
   7.20999000000000        5.70832541666667      -8.044819325487493E-002
   7.20999000000000        6.00865833333333      -7.690396216912614E-002
   7.20999000000000        6.30899125000000      -7.410994890768324E-002
   7.20999000000000        6.60932416666667      -7.180283398807191E-002
   7.20999000000000        6.90965708333333      -6.909718958965916E-002
   7.20999000000000        7.20999000000000      -6.548718946519087E-002
