  2.000000000000000E-003  2.000000000000000E-003 -0.342288298019000     
  2.000000000000000E-003  0.302332916666667      -0.365111821196692     
  2.000000000000000E-003  0.602665833333333      -0.383537238244553     
  2.000000000000000E-003  0.902998750000000      -0.390914657817601     
  2.000000000000000E-003   1.20333166666667      -0.393725612836628     
  2.000000000000000E-003   1.50366458333333      -0.391807670699969     
  2.000000000000000E-003   1.80399750000000      -0.384718604862291     
  2.000000000000000E-003   2.10433041666667      -0.373331815445934     
  2.000000000000000E-003   2.40466333333333      -0.358884481085643     
  2.000000000000000E-003   2.70499625000000      -0.340917604370389     
  2.000000000000000E-003   3.00532916666667      -0.321442747345463     
  2.000000000000000E-003   3.30566208333333      -0.306207348033297     
  2.000000000000000E-003   3.60599500000000      -0.286927443250805     
  2.000000000000000E-003   3.90632791666667      -0.270263251217065     
  2.000000000000000E-003   4.20666083333333      -0.249474987189787     
  2.000000000000000E-003   4.50699375000000      -0.219875188671282     
  2.000000000000000E-003   4.80732666666667      -0.191709748136721     
  2.000000000000000E-003   5.10765958333333      -0.168902409389618     
  2.000000000000000E-003   5.40799250000000      -0.152657260664771     
  2.000000000000000E-003   5.70832541666667      -0.142058258784003     
  2.000000000000000E-003   6.00865833333333      -0.136293898653662     
  2.000000000000000E-003   6.30899125000000      -0.134264948320555     
  2.000000000000000E-003   6.60932416666667      -0.133262967026938     
  2.000000000000000E-003   6.90965708333333      -0.125430184147724     
  2.000000000000000E-003   7.20999000000000      -0.112903178354022     
  0.302332916666667       2.000000000000000E-003 -0.365103303523434     
  0.302332916666667       0.302332916666667      -0.343968331421480     
  0.302332916666667       0.602665833333333      -0.386005788719436     
  0.302332916666667       0.902998750000000      -0.427513576677832     
  0.302332916666667        1.20333166666667      -0.446917435385731     
  0.302332916666667        1.50366458333333      -0.450831294748475     
  0.302332916666667        1.80399750000000      -0.444279914596660     
  0.302332916666667        2.10433041666667      -0.429915346854035     
  0.302332916666667        2.40466333333333      -0.411114986763818     
  0.302332916666667        2.70499625000000      -0.386575463341340     
  0.302332916666667        3.00532916666667      -0.353365995867721     
  0.302332916666667        3.30566208333333      -0.319872470188989     
  0.302332916666667        3.60599500000000      -0.298416195666724     
  0.302332916666667        3.90632791666667      -0.282617113129361     
  0.302332916666667        4.20666083333333      -0.259359363655597     
  0.302332916666667        4.50699375000000      -0.229706395149546     
  0.302332916666667        4.80732666666667      -0.201339513542625     
  0.302332916666667        5.10765958333333      -0.177982214294192     
  0.302332916666667        5.40799250000000      -0.160492030493381     
  0.302332916666667        5.70832541666667      -0.148148764616535     
  0.302332916666667        6.00865833333333      -0.139961531975713     
  0.302332916666667        6.30899125000000      -0.134442581085981     
  0.302332916666667        6.60932416666667      -0.128539936814510     
  0.302332916666667        6.90965708333333      -0.120126143318299     
  0.302332916666667        7.20999000000000      -0.115649758196498     
  0.602665833333333       2.000000000000000E-003 -0.383525717110566     
  0.602665833333333       0.302332916666667      -0.386000433941491     
  0.602665833333333       0.602665833333333      -0.421188595226413     
  0.602665833333333       0.902998750000000      -0.469762729236314     
  0.602665833333333        1.20333166666667      -0.499717256559800     
  0.602665833333333        1.50366458333333      -0.509711398104817     
  0.602665833333333        1.80399750000000      -0.504380067610567     
  0.602665833333333        2.10433041666667      -0.487747278260651     
  0.602665833333333        2.40466333333333      -0.464683704466773     
  0.602665833333333        2.70499625000000      -0.436972491252368     
  0.602665833333333        3.00532916666667      -0.396599846000019     
  0.602665833333333        3.30566208333333      -0.350618945955656     
  0.602665833333333        3.60599500000000      -0.312844739895461     
  0.602665833333333        3.90632791666667      -0.285958534860759     
  0.602665833333333        4.20666083333333      -0.260092037416401     
  0.602665833333333        4.50699375000000      -0.232513492226371     
  0.602665833333333        4.80732666666667      -0.206740834574553     
  0.602665833333333        5.10765958333333      -0.184663268150857     
  0.602665833333333        5.40799250000000      -0.166840051664963     
  0.602665833333333        5.70832541666667      -0.153140772497005     
  0.602665833333333        6.00865833333333      -0.142675975128424     
  0.602665833333333        6.30899125000000      -0.134150125177288     
  0.602665833333333        6.60932416666667      -0.126330952570646     
  0.602665833333333        6.90965708333333      -0.120264366962529     
  0.602665833333333        7.20999000000000      -0.114417335159633     
  0.902998750000000       2.000000000000000E-003 -0.390908296428939     
  0.902998750000000       0.302332916666667      -0.427511398537885     
  0.902998750000000       0.602665833333333      -0.469763742145746     
  0.902998750000000       0.902998750000000      -0.515409445679290     
  0.902998750000000        1.20333166666667      -0.548011958427722     
  0.902998750000000        1.50366458333333      -0.561702422901716     
  0.902998750000000        1.80399750000000      -0.557528746018567     
  0.902998750000000        2.10433041666667      -0.538684910354470     
  0.902998750000000        2.40466333333333      -0.514292944399930     
  0.902998750000000        2.70499625000000      -0.482716843596762     
  0.902998750000000        3.00532916666667      -0.439898469168846     
  0.902998750000000        3.30566208333333      -0.388460104663077     
  0.902998750000000        3.60599500000000      -0.339127452039356     
  0.902998750000000        3.90632791666667      -0.298364604168084     
  0.902998750000000        4.20666083333333      -0.264737060547706     
  0.902998750000000        4.50699375000000      -0.235861748659596     
  0.902998750000000        4.80732666666667      -0.211110390456939     
  0.902998750000000        5.10765958333333      -0.189863447391688     
  0.902998750000000        5.40799250000000      -0.171888625735947     
  0.902998750000000        5.70832541666667      -0.157327439871612     
  0.902998750000000        6.00865833333333      -0.145473450458866     
  0.902998750000000        6.30899125000000      -0.135595717450120     
  0.902998750000000        6.60932416666667      -0.127324316516203     
  0.902998750000000        6.90965708333333      -0.120401376400437     
  0.902998750000000        7.20999000000000      -0.112403463618467     
   1.20333166666667       2.000000000000000E-003 -0.393720447176279     
   1.20333166666667       0.302332916666667      -0.446917756966354     
   1.20333166666667       0.602665833333333      -0.499721280254970     
   1.20333166666667       0.902998750000000      -0.548015543936661     
   1.20333166666667        1.20333166666667      -0.582881812039277     
   1.20333166666667        1.50366458333333      -0.599059987787762     
   1.20333166666667        1.80399750000000      -0.595391979107640     
   1.20333166666667        2.10433041666667      -0.578231255054731     
   1.20333166666667        2.40466333333333      -0.554097096272687     
   1.20333166666667        2.70499625000000      -0.518118204997579     
   1.20333166666667        3.00532916666667      -0.470735207939551     
   1.20333166666667        3.30566208333333      -0.416402798315563     
   1.20333166666667        3.60599500000000      -0.361638481153631     
   1.20333166666667        3.90632791666667      -0.313026240241940     
   1.20333166666667        4.20666083333333      -0.273171670007254     
   1.20333166666667        4.50699375000000      -0.241283213845426     
   1.20333166666667        4.80732666666667      -0.215460400539500     
   1.20333166666667        5.10765958333333      -0.194022895251973     
   1.20333166666667        5.40799250000000      -0.175865608871417     
   1.20333166666667        5.70832541666667      -0.160675785707258     
   1.20333166666667        6.00865833333333      -0.147921087155956     
   1.20333166666667        6.30899125000000      -0.137072951948127     
   1.20333166666667        6.60932416666667      -0.127751880047550     
   1.20333166666667        6.90965708333333      -0.119265489995455     
   1.20333166666667        7.20999000000000      -0.110243810573218     
   1.50366458333333       2.000000000000000E-003 -0.391801785939069     
   1.50366458333333       0.302332916666667      -0.450832584181981     
   1.50366458333333       0.602665833333333      -0.509717668361972     
   1.50366458333333       0.902998750000000      -0.561709085137236     
   1.50366458333333        1.20333166666667      -0.599063278272719     
   1.50366458333333        1.50366458333333      -0.616328517756639     
   1.50366458333333        1.80399750000000      -0.614605664635845     
   1.50366458333333        2.10433041666667      -0.603005622567003     
   1.50366458333333        2.40466333333333      -0.578539588772069     
   1.50366458333333        2.70499625000000      -0.539405159984225     
   1.50366458333333        3.00532916666667      -0.488288803512466     
   1.50366458333333        3.30566208333333      -0.430961277921299     
   1.50366458333333        3.60599500000000      -0.374084871413464     
   1.50366458333333        3.90632791666667      -0.323060895551420     
   1.50366458333333        4.20666083333333      -0.280550518150075     
   1.50366458333333        4.50699375000000      -0.246496304968779     
   1.50366458333333        4.80732666666667      -0.219345661739162     
   1.50366458333333        5.10765958333333      -0.197258498926510     
   1.50366458333333        5.40799250000000      -0.178789339079529     
   1.50366458333333        5.70832541666667      -0.163079392407759     
   1.50366458333333        6.00865833333333      -0.149597138151727     
   1.50366458333333        6.30899125000000      -0.137823485652797     
   1.50366458333333        6.60932416666667      -0.127363267206909     
   1.50366458333333        6.90965708333333      -0.117710962791440     
   1.50366458333333        7.20999000000000      -0.108251435356734     
   1.80399750000000       2.000000000000000E-003 -0.384713818558235     
   1.80399750000000       0.302332916666667      -0.444282369765125     
   1.80399750000000       0.602665833333333      -0.504387090648871     
   1.80399750000000       0.902998750000000      -0.557535445990823     
   1.80399750000000        1.20333166666667      -0.595394418942008     
   1.80399750000000        1.50366458333333      -0.614604241630260     
   1.80399750000000        1.80399750000000      -0.620050810243508     
   1.80399750000000        2.10433041666667      -0.610365705738268     
   1.80399750000000        2.40466333333333      -0.584086067398394     
   1.80399750000000        2.70499625000000      -0.542627850175903     
   1.80399750000000        3.00532916666667      -0.490358327375903     
   1.80399750000000        3.30566208333333      -0.433300540626224     
   1.80399750000000        3.60599500000000      -0.377394202807502     
   1.80399750000000        3.90632791666667      -0.327053729715309     
   1.80399750000000        4.20666083333333      -0.284472302959194     
   1.80399750000000        4.50699375000000      -0.249810005185376     
   1.80399750000000        4.80732666666667      -0.221959010994447     
   1.80399750000000        5.10765958333333      -0.199365159004078     
   1.80399750000000        5.40799250000000      -0.180589959832739     
   1.80399750000000        5.70832541666667      -0.164551360650042     
   1.80399750000000        6.00865833333333      -0.150512543196725     
   1.80399750000000        6.30899125000000      -0.137989144516400     
   1.80399750000000        6.60932416666667      -0.126663851992008     
   1.80399750000000        6.90965708333333      -0.116289213678223     
   1.80399750000000        7.20999000000000      -0.106641640620975     
   2.10433041666667       2.000000000000000E-003 -0.373332044355605     
   2.10433041666667       0.302332916666667      -0.429920560987629     
   2.10433041666667       0.602665833333333      -0.487753842235069     
   2.10433041666667       0.902998750000000      -0.538687632084551     
   2.10433041666667        1.20333166666667      -0.578227213775332     
   2.10433041666667        1.50366458333333      -0.602996374857391     
   2.10433041666667        1.80399750000000      -0.610357130903685     
   2.10433041666667        2.10433041666667      -0.599092526435675     
   2.10433041666667        2.40466333333333      -0.570367482255039     
   2.10433041666667        2.70499625000000      -0.527873709893123     
   2.10433041666667        3.00532916666667      -0.476941454131583     
   2.10433041666667        3.30566208333333      -0.423168342768382     
   2.10433041666667        3.60599500000000      -0.371245558331625     
   2.10433041666667        3.90632791666667      -0.324318202129554     
   2.10433041666667        4.20666083333333      -0.283901246155727     
   2.10433041666667        4.50699375000000      -0.250207557968399     
   2.10433041666667        4.80732666666667      -0.222606044204427     
   2.10433041666667        5.10765958333333      -0.200016134226155     
   2.10433041666667        5.40799250000000      -0.181219115288302     
   2.10433041666667        5.70832541666667      -0.165102964270644     
   2.10433041666667        6.00865833333333      -0.150826854899143     
   2.10433041666667        6.30899125000000      -0.137876218031504     
   2.10433041666667        6.60932416666667      -0.126022370455191     
   2.10433041666667        6.90965708333333      -0.115261573477075     
   2.10433041666667        7.20999000000000      -0.105548776439350     
   2.40466333333333       2.000000000000000E-003 -0.358894428869078     
   2.40466333333333       0.302332916666667      -0.411125941519135     
   2.40466333333333       0.602665833333333      -0.464690652064875     
   2.40466333333333       0.902998750000000      -0.514290586114467     
   2.40466333333333        1.20333166666667      -0.554083402254222     
   2.40466333333333        1.50366458333333      -0.578517588365297     
   2.40466333333333        1.80399750000000      -0.584063126553085     
   2.40466333333333        2.10433041666667      -0.570352596102545     
   2.40466333333333        2.40466333333333      -0.540239899462993     
   2.40466333333333        2.70499625000000      -0.498763746601985     
   2.40466333333333        3.00532916666667      -0.451532204191165     
   2.40466333333333        3.30566208333333      -0.403313679284359     
   2.40466333333333        3.60599500000000      -0.357391860430276     
   2.40466333333333        3.90632791666667      -0.315630694510038     
   2.40466333333333        4.20666083333333      -0.278873670177076     
   2.40466333333333        4.50699375000000      -0.247361715390393     
   2.40466333333333        4.80732666666667      -0.220919989587824     
   2.40466333333333        5.10765958333333      -0.198964475766452     
   2.40466333333333        5.40799250000000      -0.180569703584900     
   2.40466333333333        5.70832541666667      -0.164697739495994     
   2.40466333333333        6.00865833333333      -0.150495229249843     
   2.40466333333333        6.30899125000000      -0.137473591445024     
   2.40466333333333        6.60932416666667      -0.125476947779775     
   2.40466333333333        6.90965708333333      -0.114562552229345     
   2.40466333333333        7.20999000000000      -0.104921933676353     
   2.70499625000000       2.000000000000000E-003 -0.340940882541107     
   2.70499625000000       0.302332916666667      -0.386597278758478     
   2.70499625000000       0.602665833333333      -0.436985105468170     
   2.70499625000000       0.902998750000000      -0.482712186846144     
   2.70499625000000        1.20333166666667      -0.518094802025339     
   2.70499625000000        1.50366458333333      -0.539369149669696     
   2.70499625000000        1.80399750000000      -0.542589021320630     
   2.70499625000000        2.10433041666667      -0.527842409488548     
   2.70499625000000        2.40466333333333      -0.498747286953507     
   2.70499625000000        2.70499625000000      -0.460750038185888     
   2.70499625000000        3.00532916666667      -0.419150806486623     
   2.70499625000000        3.30566208333333      -0.377758042814382     
   2.70499625000000        3.60599500000000      -0.338630281371979     
   2.70499625000000        3.90632791666667      -0.302631741290588     
   2.70499625000000        4.20666083333333      -0.270148553231812     
   2.70499625000000        4.50699375000000      -0.241501808594447     
   2.70499625000000        4.80732666666667      -0.216893679783011     
   2.70499625000000        5.10765958333333      -0.196138035969310     
   2.70499625000000        5.40799250000000      -0.178568344216227     
   2.70499625000000        5.70832541666667      -0.163265462947558     
   2.70499625000000        6.00865833333333      -0.149445608615066     
   2.70499625000000        6.30899125000000      -0.136687601544256     
   2.70499625000000        6.60932416666667      -0.124865945028045     
   2.70499625000000        6.90965708333333      -0.114160640080487     
   2.70499625000000        7.20999000000000      -0.104827819295492     
   3.00532916666667       2.000000000000000E-003 -0.321479186418912     
   3.00532916666667       0.302332916666667      -0.353401783564866     
   3.00532916666667       0.602665833333333      -0.396622614191989     
   3.00532916666667       0.902998750000000      -0.439896205788538     
   3.00532916666667        1.20333166666667      -0.470705303853234     
   3.00532916666667        1.50366458333333      -0.488241866115852     
   3.00532916666667        1.80399750000000      -0.490307357839911     
   3.00532916666667        2.10433041666667      -0.476897961526034     
   3.00532916666667        2.40466333333333      -0.451503618807435     
   3.00532916666667        2.70499625000000      -0.419138568195530     
   3.00532916666667        3.00532916666667      -0.384363294093271     
   3.00532916666667        3.30566208333333      -0.350093521063654     
   3.00532916666667        3.60599500000000      -0.317540922263922     
   3.00532916666667        3.90632791666667      -0.287003758183813     
   3.00532916666667        4.20666083333333      -0.258718810363738     
   3.00532916666667        4.50699375000000      -0.233158630609842     
   3.00532916666667        4.80732666666667      -0.210778789040715     
   3.00532916666667        5.10765958333333      -0.191624948579395     
   3.00532916666667        5.40799250000000      -0.175199247900932     
   3.00532916666667        5.70832541666667      -0.160718952793797     
   3.00532916666667        6.00865833333333      -0.147568736817802     
   3.00532916666667        6.30899125000000      -0.135496447743377     
   3.00532916666667        6.60932416666667      -0.124305780086957     
   3.00532916666667        6.90965708333333      -0.114096062198659     
   3.00532916666667        7.20999000000000      -0.105239699376594     
   3.30566208333333       2.000000000000000E-003 -0.306242599143974     
   3.30566208333333       0.302332916666667      -0.319913668414128     
   3.30566208333333       0.602665833333333      -0.350646094793368     
   3.30566208333333       0.902998750000000      -0.388457754506236     
   3.30566208333333        1.20333166666667      -0.416369566239691     
   3.30566208333333        1.50366458333333      -0.430909131329511     
   3.30566208333333        1.80399750000000      -0.433244874796330     
   3.30566208333333        2.10433041666667      -0.423120793648222     
   3.30566208333333        2.40466333333333      -0.403281027364274     
   3.30566208333333        2.70499625000000      -0.377741126352683     
   3.30566208333333        3.00532916666667      -0.350088206409562     
   3.30566208333333        3.30566208333333      -0.322498829349609     
   3.30566208333333        3.60599500000000      -0.295733283798468     
   3.30566208333333        3.90632791666667      -0.269934764081990     
   3.30566208333333        4.20666083333333      -0.245453316157618     
   3.30566208333333        4.50699375000000      -0.222939786291238     
   3.30566208333333        4.80732666666667      -0.202959336300131     
   3.30566208333333        5.10765958333333      -0.185618761020042     
   3.30566208333333        5.40799250000000      -0.170496256435218     
   3.30566208333333        5.70832541666667      -0.156956137656999     
   3.30566208333333        6.00865833333333      -0.144640172499069     
   3.30566208333333        6.30899125000000      -0.133458148508883     
   3.30566208333333        6.60932416666667      -0.123145511789641     
   3.30566208333333        6.90965708333333      -0.113720022088442     
   3.30566208333333        7.20999000000000      -0.105441331730398     
   3.60599500000000       2.000000000000000E-003 -0.286943035675082     
   3.60599500000000       0.302332916666667      -0.298440083739011     
   3.60599500000000       0.602665833333333      -0.312856319169276     
   3.60599500000000       0.902998750000000      -0.339114889398635     
   3.60599500000000        1.20333166666667      -0.361601282378085     
   3.60599500000000        1.50366458333333      -0.374033331106501     
   3.60599500000000        1.80399750000000      -0.377341892038947     
   3.60599500000000        2.10433041666667      -0.371202483023266     
   3.60599500000000        2.40466333333333      -0.357363231488535     
   3.60599500000000        2.70499625000000      -0.338615916615309     
   3.60599500000000        3.00532916666667      -0.317536551293688     
   3.60599500000000        3.30566208333333      -0.295733262461875     
   3.60599500000000        3.60599500000000      -0.273821238683695     
   3.60599500000000        3.90632791666667      -0.252061918966358     
   3.60599500000000        4.20666083333333      -0.231015748077507     
   3.60599500000000        4.50699375000000      -0.211442701621599     
   3.60599500000000        4.80732666666667      -0.193881760389180     
   3.60599500000000        5.10765958333333      -0.178384835320905     
   3.60599500000000        5.40799250000000      -0.164557829878158     
   3.60599500000000        5.70832541666667      -0.151919089348655     
   3.60599500000000        6.00865833333333      -0.140354630512761     
   3.60599500000000        6.30899125000000      -0.129909419167613     
   3.60599500000000        6.60932416666667      -0.120404360939283     
   3.60599500000000        6.90965708333333      -0.112012736371470     
   3.60599500000000        7.20999000000000      -0.105507870042713     
   3.90632791666667       2.000000000000000E-003 -0.270268871656733     
   3.90632791666667       0.302332916666667      -0.282610044525074     
   3.90632791666667       0.602665833333333      -0.285942427363004     
   3.90632791666667       0.902998750000000      -0.298336420431336     
   3.90632791666667        1.20333166666667      -0.312985853252012     
   3.90632791666667        1.50366458333333      -0.323014771723179     
   3.90632791666667        1.80399750000000      -0.327010655234987     
   3.90632791666667        2.10433041666667      -0.324285292077003     
   3.90632791666667        2.40466333333333      -0.315611028799326     
   3.90632791666667        2.70499625000000      -0.302623955876693     
   3.90632791666667        3.00532916666667      -0.287003493424797     
   3.90632791666667        3.30566208333333      -0.269937112241424     
   3.90632791666667        3.60599500000000      -0.252063561066451     
   3.90632791666667        3.90632791666667      -0.233863341077845     
   3.90632791666667        4.20666083333333      -0.216021338159653     
   3.90632791666667        4.50699375000000      -0.199265599841242     
   3.90632791666667        4.80732666666667      -0.184016980111526     
   3.90632791666667        5.10765958333333      -0.170239837353044     
   3.90632791666667        5.40799250000000      -0.157580484814069     
   3.90632791666667        5.70832541666667      -0.145719939204606     
   3.90632791666667        6.00865833333333      -0.134708144195576     
   3.90632791666667        6.30899125000000      -0.124736955109972     
   3.90632791666667        6.60932416666667      -0.115740217365550     
   3.90632791666667        6.90965708333333      -0.107765010432535     
   3.90632791666667        7.20999000000000      -0.100753546245746     
   4.20666083333333       2.000000000000000E-003 -0.249464957633900     
   4.20666083333333       0.302332916666667      -0.259336313746457     
   4.20666083333333       0.602665833333333      -0.260061162896314     
   4.20666083333333       0.902998750000000      -0.264701497798591     
   4.20666083333333        1.20333166666667      -0.273133800226186     
   4.20666083333333        1.50366458333333      -0.280513210349190     
   4.20666083333333        1.80399750000000      -0.284440825830407     
   4.20666083333333        2.10433041666667      -0.283879931950985     
   4.20666083333333        2.40466333333333      -0.278863583138235     
   4.20666083333333        2.70499625000000      -0.270147381869868     
   4.20666083333333        3.00532916666667      -0.258722354925515     
   4.20666083333333        3.30566208333333      -0.245457566637529     
   4.20666083333333        3.60599500000000      -0.231018428508677     
   4.20666083333333        3.90632791666667      -0.216022202720542     
   4.20666083333333        4.20666083333333      -0.201146245903448     
   4.20666083333333        4.50699375000000      -0.186979907812559     
   4.20666083333333        4.80732666666667      -0.173798081013543     
   4.20666083333333        5.10765958333333      -0.161512794082913     
   4.20666083333333        5.40799250000000      -0.149859937981123     
   4.20666083333333        5.70832541666667      -0.138696543056524     
   4.20666083333333        6.00865833333333      -0.128183708447280     
   4.20666083333333        6.30899125000000      -0.118615202276062     
   4.20666083333333        6.60932416666667      -0.110059370845085     
   4.20666083333333        6.90965708333333      -0.102589423975172     
   4.20666083333333        7.20999000000000      -9.606892268969630E-002
   4.50699375000000       2.000000000000000E-003 -0.219863273152530     
   4.50699375000000       0.302332916666667      -0.229685628064206     
   4.50699375000000       0.602665833333333      -0.232485701163010     
   4.50699375000000       0.902998750000000      -0.235831480142178     
   4.50699375000000        1.20333166666667      -0.241253030607245     
   4.50699375000000        1.50366458333333      -0.246468926636049     
   4.50699375000000        1.80399750000000      -0.249789219400165     
   4.50699375000000        2.10433041666667      -0.250195752477977     
   4.50699375000000        2.40466333333333      -0.247358572018430     
   4.50699375000000        2.70499625000000      -0.241504612446651     
   4.50699375000000        3.00532916666667      -0.233163706551586     
   4.50699375000000        3.30566208333333      -0.222944149684718     
   4.50699375000000        3.60599500000000      -0.211445045402895     
   4.50699375000000        3.90632791666667      -0.199266213192632     
   4.50699375000000        4.20666083333333      -0.186979810309033     
   4.50699375000000        4.50699375000000      -0.175015089942609     
   4.50699375000000        4.80732666666667      -0.163542249424331     
   4.50699375000000        5.10765958333333      -0.152491865896354     
   4.50699375000000        5.40799250000000      -0.141736004271531     
   4.50699375000000        5.70832541666667      -0.131301837178572     
   4.50699375000000        6.00865833333333      -0.121439217246846     
   4.50699375000000        6.30899125000000      -0.112444045630972     
   4.50699375000000        6.60932416666667      -0.104418368624821     
   4.50699375000000        6.90965708333333      -9.738864499607568E-002
   4.50699375000000        7.20999000000000      -9.113357517189384E-002
   4.80732666666667       2.000000000000000E-003 -0.191702897929984     
   4.80732666666667       0.302332916666667      -0.201327769972318     
   4.80732666666667       0.602665833333333      -0.206723523340309     
   4.80732666666667       0.902998750000000      -0.211089668433442     
   4.80732666666667        1.20333166666667      -0.215439112690532     
   4.80732666666667        1.50366458333333      -0.219327162722345     
   4.80732666666667        1.80399750000000      -0.221946232149309     
   4.80732666666667        2.10433041666667      -0.222600234887763     
   4.80732666666667        2.40466333333333      -0.220920225061427     
   4.80732666666667        2.70499625000000      -0.216897446420886     
   4.80732666666667        3.00532916666667      -0.210783240161466     
   4.80732666666667        3.30566208333333      -0.202962493167008     
   4.80732666666667        3.60599500000000      -0.193883050809452     
   4.80732666666667        3.90632791666667      -0.184016952566747     
   4.80732666666667        4.20666083333333      -0.173797640842551     
   4.80732666666667        4.50699375000000      -0.163541990525304     
   4.80732666666667        4.80732666666667      -0.153398141892281     
   4.80732666666667        5.10765958333333      -0.143383278294945     
   4.80732666666667        5.40799250000000      -0.133516205354101     
   4.80732666666667        5.70832541666667      -0.123942615665006     
   4.80732666666667        6.00865833333333      -0.114935635871172     
   4.80732666666667        6.30899125000000      -0.106747713200407     
   4.80732666666667        6.60932416666667      -9.943379347432466E-002
   4.80732666666667        6.90965708333333      -9.285191048076837E-002
   4.80732666666667        7.20999000000000      -8.684343041198617E-002
   5.10765958333333       2.000000000000000E-003 -0.168902167434181     
   5.10765958333333       0.302332916666667      -0.177979010512084     
   5.10765958333333       0.602665833333333      -0.184655314830039     
   5.10765958333333       0.902998750000000      -0.189851500433760     
   5.10765958333333        1.20333166666667      -0.194009638024273     
   5.10765958333333        1.50366458333333      -0.197246998346695     
   5.10765958333333        1.80399750000000      -0.199357691458119     
   5.10765958333333        2.10433041666667      -0.200013426200615     
   5.10765958333333        2.40466333333333      -0.198965630960571     
   5.10765958333333        2.70499625000000      -0.196141159615109     
   5.10765958333333        3.00532916666667      -0.191628106427774     
   5.10765958333333        3.30566208333333      -0.185620764744621     
   5.10765958333333        3.60599500000000      -0.178385495060775     
   5.10765958333333        3.90632791666667      -0.170239657233974     
   5.10765958333333        4.20666083333333      -0.161512410991991     
   5.10765958333333        4.50699375000000      -0.152491635688135     
   5.10765958333333        4.80732666666667      -0.143383219061299     
   5.10765958333333        5.10765958333333      -0.134321210164230     
   5.10765958333333        5.40799250000000      -0.125431696375251     
   5.10765958333333        5.70832541666667      -0.116888224280264     
   5.10765958333333        6.00865833333333      -0.108892134273051     
   5.10765958333333        6.30899125000000      -0.101581125270694     
   5.10765958333333        6.60932416666667      -9.495534409440726E-002
   5.10765958333333        6.90965708333333      -8.893306010751158E-002
   5.10765958333333        7.20999000000000      -8.329263433412934E-002
   5.40799250000000       2.000000000000000E-003 -0.152661818532528     
   5.40799250000000       0.302332916666667      -0.160494628753382     
   5.40799250000000       0.602665833333333      -0.166838903618918     
   5.40799250000000       0.902998750000000      -0.171883976437942     
   5.40799250000000        1.20333166666667      -0.175859109407598     
   5.40799250000000        1.50366458333333      -0.178783223055445     
   5.40799250000000        1.80399750000000      -0.180586094992359     
   5.40799250000000        2.10433041666667      -0.181218148949179     
   5.40799250000000        2.40466333333333      -0.180571134790922     
   5.40799250000000        2.70499625000000      -0.178571013556810     
   5.40799250000000        3.00532916666667      -0.175201951537449     
   5.40799250000000        3.30566208333333      -0.170498215682845     
   5.40799250000000        3.60599500000000      -0.164558861686424     
   5.40799250000000        3.90632791666667      -0.157580852430664     
   5.40799250000000        4.20666083333333      -0.149860013056520     
   5.40799250000000        4.50699375000000      -0.141736006111668     
   5.40799250000000        4.80732666666667      -0.133516185360508     
   5.40799250000000        5.10765958333333      -0.125431667754740     
   5.40799250000000        5.40799250000000      -0.117641601899983     
   5.40799250000000        5.70832541666667      -0.110254273471270     
   5.40799250000000        6.00865833333333      -0.103327435604003     
   5.40799250000000        6.30899125000000      -9.690671393277381E-002
   5.40799250000000        6.60932416666667      -9.101474688928474E-002
   5.40799250000000        6.90965708333333      -8.553678260322428E-002
   5.40799250000000        7.20999000000000      -8.031650463856448E-002
   5.70832541666667       2.000000000000000E-003 -0.142064124682895     
   5.70832541666667       0.302332916666667      -0.148153567293589     
   5.70832541666667       0.602665833333333      -0.153143181749369     
   5.70832541666667       0.902998750000000      -0.157327344357056     
   5.70832541666667        1.20333166666667      -0.160674083058322     
   5.70832541666667        1.50366458333333      -0.163077421981260     
   5.70832541666667        1.80399750000000      -0.164550300723539     
   5.70832541666667        2.10433041666667      -0.165103585445623     
   5.70832541666667        2.40466333333333      -0.164700048019544     
   5.70832541666667        2.70499625000000      -0.163268903704619     
   5.70832541666667        3.00532916666667      -0.160722676410687     
   5.70832541666667        3.30566208333333      -0.156959270060143     
   5.70832541666667        3.60599500000000      -0.151921098617207     
   5.70832541666667        3.90632791666667      -0.145720881197508     
   5.70832541666667        4.20666083333333      -0.138696822811580     
   5.70832541666667        4.50699375000000      -0.131301802852647     
   5.70832541666667        4.80732666666667      -0.123942469632902     
   5.70832541666667        5.10765958333333      -0.116888116542752     
   5.70832541666667        5.40799250000000      -0.110254286760566     
   5.70832541666667        5.70832541666667      -0.104029205730782     
   5.70832541666667        6.00865833333333      -9.816346778368350E-002
   5.70832541666667        6.30899125000000      -9.267805177852738E-002
   5.70832541666667        6.60932416666667      -8.753295757232808E-002
   5.70832541666667        6.90965708333333      -8.262091519276531E-002
   5.70832541666667        7.20999000000000      -7.782675475974044E-002
   6.00865833333333       2.000000000000000E-003 -0.136296779309460     
   6.00865833333333       0.302332916666667      -0.139964536283820     
   6.00865833333333       0.602665833333333      -0.142678585744610     
   6.00865833333333       0.902998750000000      -0.145475145745927     
   6.00865833333333        1.20333166666667      -0.147921902810666     
   6.00865833333333        1.50366458333333      -0.149597736023168     
   6.00865833333333        1.80399750000000      -0.150513710913567     
   6.00865833333333        2.10433041666667      -0.150829206863585     
   6.00865833333333        2.40466333333333      -0.150499232469423     
   6.00865833333333        2.70499625000000      -0.149451139617417     
   6.00865833333333        3.00532916666667      -0.147574901452814     
   6.00865833333333        3.30566208333333      -0.144645252553831     
   6.00865833333333        3.60599500000000      -0.140357158797216     
   6.00865833333333        3.90632791666667      -0.134708376554083     
   6.00865833333333        4.20666083333333      -0.128183016592360     
   6.00865833333333        4.50699375000000      -0.121438469247947     
   6.00865833333333        4.80732666666667      -0.114935136245807     
   6.00865833333333        5.10765958333333      -0.108892035762796     
   6.00865833333333        5.40799250000000      -0.103327764280097     
   6.00865833333333        5.70832541666667      -9.816389492926107E-002
   6.00865833333333        6.00865833333333      -9.332679317713893E-002
   6.00865833333333        6.30899125000000      -8.874667350395431E-002
   6.00865833333333        6.60932416666667      -8.433454270379806E-002
   6.00865833333333        6.90965708333333      -7.999038339227980E-002
   6.00865833333333        7.20999000000000      -7.563331295284154E-002
   6.30899125000000       2.000000000000000E-003 -0.134260447922584     
   6.30899125000000       0.302332916666667      -0.134439865902925     
   6.30899125000000       0.602665833333333      -0.134150386746188     
   6.30899125000000       0.902998750000000      -0.135597169413270     
   6.30899125000000        1.20333166666667      -0.137074331072363     
   6.30899125000000        1.50366458333333      -0.137824952434845     
   6.30899125000000        1.80399750000000      -0.137991450464404     
   6.30899125000000        2.10433041666667      -0.137880026625217     
   6.30899125000000        2.40466333333333      -0.137479621232851     
   6.30899125000000        2.70499625000000      -0.136696317620724     
   6.30899125000000        3.00532916666667      -0.135506575933377     
   6.30899125000000        3.30566208333333      -0.133465927966167     
   6.30899125000000        3.60599500000000      -0.129911740733976     
   6.30899125000000        3.90632791666667      -0.124734780256663     
   6.30899125000000        4.20666083333333      -0.118611990480876     
   6.30899125000000        4.50699375000000      -0.112442007890772     
   6.30899125000000        4.80732666666667      -0.106747012232039     
   6.30899125000000        5.10765958333333      -0.101581519792948     
   6.30899125000000        5.40799250000000      -9.690793113770624E-002
   6.30899125000000        5.70832541666667      -9.267947362267710E-002
   6.30899125000000        6.00865833333333      -8.874763227154872E-002
   6.30899125000000        6.30899125000000      -8.497601491271914E-002
   6.30899125000000        6.60932416666667      -8.123259329723775E-002
   6.30899125000000        6.90965708333333      -7.742802921050808E-002
   6.30899125000000        7.20999000000000      -7.351313378637585E-002
   6.60932416666667       2.000000000000000E-003 -0.133249704287888     
   6.60932416666667       0.302332916666667      -0.128531311174164     
   6.60932416666667       0.602665833333333      -0.126329961587089     
   6.60932416666667       0.902998750000000      -0.127325499140285     
   6.60932416666667        1.20333166666667      -0.127752774811539     
   6.60932416666667        1.50366458333333      -0.127364248120968     
   6.60932416666667        1.80399750000000      -0.126666023288893     
   6.60932416666667        2.10433041666667      -0.126026752430760     
   6.60932416666667        2.40466333333333      -0.125484579571186     
   6.60932416666667        2.70499625000000      -0.124878053775286     
   6.60932416666667        3.00532916666667      -0.124320463337806     
   6.60932416666667        3.30566208333333      -0.123156961267291     
   6.60932416666667        3.60599500000000      -0.120406425704157     
   6.60932416666667        3.90632791666667      -0.115735387961677     
   6.60932416666667        4.20666083333333      -0.110054362227826     
   6.60932416666667        4.50699375000000      -0.104415940497061     
   6.60932416666667        4.80732666666667      -9.943385258557785E-002
   6.60932416666667        5.10765958333333      -9.495715531260233E-002
   6.60932416666667        5.40799250000000      -9.101756145658565E-002
   6.60932416666667        5.70832541666667      -8.753589646462623E-002
   6.60932416666667        6.00865833333333      -8.433674264383577E-002
   6.60932416666667        6.30899125000000      -8.123347178341041E-002
   6.60932416666667        6.60932416666667      -7.804782568991379E-002
   6.60932416666667        6.90965708333333      -7.475912927289644E-002
   6.60932416666667        7.20999000000000      -7.136475988498336E-002
   6.90965708333333       2.000000000000000E-003 -0.125420239106224     
   6.90965708333333       0.302332916666667      -0.120122933954672     
   6.90965708333333       0.602665833333333      -0.120268632208447     
   6.90965708333333       0.902998750000000      -0.120404092172393     
   6.90965708333333        1.20333166666667      -0.119265887257413     
   6.90965708333333        1.50366458333333      -0.117710870732304     
   6.90965708333333        1.80399750000000      -0.116290367790252     
   6.90965708333333        2.10433041666667      -0.115265329241468     
   6.90965708333333        2.40466333333333      -0.114570327268169     
   6.90965708333333        2.70499625000000      -0.114173579322399     
   6.90965708333333        3.00532916666667      -0.114112657834294     
   6.90965708333333        3.30566208333333      -0.113733881343499     
   6.90965708333333        3.60599500000000      -0.112014891620087     
   6.90965708333333        3.90632791666667      -0.107760682578985     
   6.90965708333333        4.20666083333333      -0.102586622732081     
   6.90965708333333        4.50699375000000      -9.738886730513950E-002
   6.90965708333333        4.80732666666667      -9.285449443216422E-002
   6.90965708333333        5.10765958333333      -8.893728399632800E-002
   6.90965708333333        5.40799250000000      -8.554176489176746E-002
   6.90965708333333        5.70832541666667      -8.262560252085321E-002
   6.90965708333333        6.00865833333333      -7.999373947151636E-002
   6.90965708333333        6.30899125000000      -7.742920278395961E-002
   6.90965708333333        6.60932416666667      -7.475829726876509E-002
   6.90965708333333        6.90965708333333      -7.219260191016240E-002
   6.90965708333333        7.20999000000000      -6.967488195791283E-002
   7.20999000000000       2.000000000000000E-003 -0.112903672725605     
   7.20999000000000       0.302332916666667      -0.115656928889105     
   7.20999000000000       0.602665833333333      -0.114426900204150     
   7.20999000000000       0.902998750000000      -0.112407546031349     
   7.20999000000000        1.20333166666667      -0.110244009951078     
   7.20999000000000        1.50366458333333      -0.108250518420978     
   7.20999000000000        1.80399750000000      -0.106641638326278     
   7.20999000000000        2.10433041666667      -0.105551040895650     
   7.20999000000000        2.40466333333333      -0.104927535872477     
   7.20999000000000        2.70499625000000      -0.104836942884831     
   7.20999000000000        3.00532916666667      -0.105250505886607     
   7.20999000000000        3.30566208333333      -0.105449011109240     
   7.20999000000000        3.60599500000000      -0.105510402148667     
   7.20999000000000        3.90632791666667      -0.100757234061565     
   7.20999000000000        4.20666083333333      -9.607354436409327E-002
   7.20999000000000        4.50699375000000      -9.113926341081571E-002
   7.20999000000000        4.80732666666667      -8.684996344016804E-002
   7.20999000000000        5.10765958333333      -8.329983706436470E-002
   7.20999000000000        5.40799250000000      -8.032375374483343E-002
   7.20999000000000        5.70832541666667      -7.783303741722528E-002
   7.20999000000000        6.00865833333333      -7.563763062073962E-002
   7.20999000000000        6.30899125000000      -7.351480814903333E-002
   7.20999000000000        6.60932416666667      -7.136407176883970E-002
   7.20999000000000        6.90965708333333      -6.967436272721045E-002
   7.20999000000000        7.20999000000000      -6.720846258552944E-002
