  2.000000000000000E-003  2.000000000000000E-003 -0.135620882318505     
  2.000000000000000E-003  0.302332916666667      -0.144746463871898     
  2.000000000000000E-003  0.602665833333333      -0.149952327303979     
  2.000000000000000E-003  0.902998750000000      -0.151374851225974     
  2.000000000000000E-003   1.20333166666667      -0.152816371805017     
  2.000000000000000E-003   1.50366458333333      -0.155439247362527     
  2.000000000000000E-003   1.80399750000000      -0.159615939848061     
  2.000000000000000E-003   2.10433041666667      -0.165587931076301     
  2.000000000000000E-003   2.40466333333333      -0.173576871952535     
  2.000000000000000E-003   2.70499625000000      -0.182992670909224     
  2.000000000000000E-003   3.00532916666667      -0.191396250255481     
  2.000000000000000E-003   3.30566208333333      -0.193606095336539     
  2.000000000000000E-003   3.60599500000000      -0.192389262913775     
  2.000000000000000E-003   3.90632791666667      -0.193590524644587     
  2.000000000000000E-003   4.20666083333333      -0.191370788713229     
  2.000000000000000E-003   4.50699375000000      -0.182969328689212     
  2.000000000000000E-003   4.80732666666667      -0.173558924503380     
  2.000000000000000E-003   5.10765958333333      -0.165573023813385     
  2.000000000000000E-003   5.40799250000000      -0.159600287922837     
  2.000000000000000E-003   5.70832541666667      -0.155421188983256     
  2.000000000000000E-003   6.00865833333333      -0.152797030473844     
  2.000000000000000E-003   6.30899125000000      -0.151359377183057     
  2.000000000000000E-003   6.60932416666667      -0.149945903355427     
  2.000000000000000E-003   6.90965708333333      -0.144729916942645     
  2.000000000000000E-003   7.20999000000000      -0.135584134424283     
  0.302332916666667       2.000000000000000E-003 -0.144744655589042     
  0.302332916666667       0.302332916666667      -0.145014992352375     
  0.302332916666667       0.602665833333333      -0.152769495590302     
  0.302332916666667       0.902998750000000      -0.159392852235057     
  0.302332916666667        1.20333166666667      -0.164003695332180     
  0.302332916666667        1.50366458333333      -0.168616881760377     
  0.302332916666667        1.80399750000000      -0.174222941574413     
  0.302332916666667        2.10433041666667      -0.181205046895797     
  0.302332916666667        2.40466333333333      -0.189311983860985     
  0.302332916666667        2.70499625000000      -0.197343232308967     
  0.302332916666667        3.00532916666667      -0.202508546019119     
  0.302332916666667        3.30566208333333      -0.200934874088222     
  0.302332916666667        3.60599500000000      -0.197243202185133     
  0.302332916666667        3.90632791666667      -0.200860097705398     
  0.302332916666667        4.20666083333333      -0.202429496305551     
  0.302332916666667        4.50699375000000      -0.197287319905914     
  0.302332916666667        4.80732666666667      -0.189279358532244     
  0.302332916666667        5.10765958333333      -0.181186662947117     
  0.302332916666667        5.40799250000000      -0.174209264330890     
  0.302332916666667        5.70832541666667      -0.168601933669674     
  0.302332916666667        6.00865833333333      -0.163984100637126     
  0.302332916666667        6.30899125000000      -0.159369235703665     
  0.302332916666667        6.60932416666667      -0.152746158791920     
  0.302332916666667        6.90965708333333      -0.144988414220969     
  0.302332916666667        7.20999000000000      -0.144727287409084     
  0.602665833333333       2.000000000000000E-003 -0.149949942400369     
  0.602665833333333       0.302332916666667      -0.152767963177496     
  0.602665833333333       0.602665833333333      -0.158587651314531     
  0.602665833333333       0.902998750000000      -0.167344106091775     
  0.602665833333333        1.20333166666667      -0.175267225320842     
  0.602665833333333        1.50366458333333      -0.182682746691614     
  0.602665833333333        1.80399750000000      -0.190450676687637     
  0.602665833333333        2.10433041666667      -0.198961200563605     
  0.602665833333333        2.40466333333333      -0.207722706288793     
  0.602665833333333        2.70499625000000      -0.215047712423219     
  0.602665833333333        3.00532916666667      -0.218521428556266     
  0.602665833333333        3.30566208333333      -0.216443165838704     
  0.602665833333333        3.60599500000000      -0.213802157911526     
  0.602665833333333        3.90632791666667      -0.216374780764703     
  0.602665833333333        4.20666083333333      -0.218439286696165     
  0.602665833333333        4.50699375000000      -0.214986202660146     
  0.602665833333333        4.80732666666667      -0.207687741254473     
  0.602665833333333        5.10765958333333      -0.198943643113647     
  0.602665833333333        5.40799250000000      -0.190441377142175     
  0.602665833333333        5.70832541666667      -0.182673721891218     
  0.602665833333333        6.00865833333333      -0.175252375469055     
  0.602665833333333        6.30899125000000      -0.167321165059928     
  0.602665833333333        6.60932416666667      -0.158560431912921     
  0.602665833333333        6.90965708333333      -0.152743934897434     
  0.602665833333333        7.20999000000000      -0.149942494503110     
  0.902998750000000       2.000000000000000E-003 -0.151373627121138     
  0.902998750000000       0.302332916666667      -0.159391567025730     
  0.902998750000000       0.602665833333333      -0.167343337823226     
  0.902998750000000       0.902998750000000      -0.177258725052395     
  0.902998750000000        1.20333166666667      -0.187692230136924     
  0.902998750000000        1.50366458333333      -0.198085635274094     
  0.902998750000000        1.80399750000000      -0.208667891724505     
  0.902998750000000        2.10433041666667      -0.219649890026700     
  0.902998750000000        2.40466333333333      -0.230452966289796     
  0.902998750000000        2.70499625000000      -0.239680735128693     
  0.902998750000000        3.00532916666667      -0.245500255323243     
  0.902998750000000        3.30566208333333      -0.247236560144338     
  0.902998750000000        3.60599500000000      -0.247125934384081     
  0.902998750000000        3.90632791666667      -0.247193029305070     
  0.902998750000000        4.20666083333333      -0.245442395023879     
  0.902998750000000        4.50699375000000      -0.239634774410671     
  0.902998750000000        4.80732666666667      -0.230425058016901     
  0.902998750000000        5.10765958333333      -0.219636898375729     
  0.902998750000000        5.40799250000000      -0.208664750395131     
  0.902998750000000        5.70832541666667      -0.198084354783900     
  0.902998750000000        6.00865833333333      -0.187685759344373     
  0.902998750000000        6.30899125000000      -0.177243242323055     
  0.902998750000000        6.60932416666667      -0.167320180883049     
  0.902998750000000        6.90965708333333      -0.159367304163751     
  0.902998750000000        7.20999000000000      -0.151356980730233     
   1.20333166666667       2.000000000000000E-003 -0.152815912979754     
   1.20333166666667       0.302332916666667      -0.164002593245321     
   1.20333166666667       0.602665833333333      -0.175265903369082     
   1.20333166666667       0.902998750000000      -0.187691350314198     
   1.20333166666667        1.20333166666667      -0.200994832629546     
   1.20333166666667        1.50366458333333      -0.214743343487177     
   1.20333166666667        1.80399750000000      -0.228845672745690     
   1.20333166666667        2.10433041666667      -0.243322001490062     
   1.20333166666667        2.40466333333333      -0.257559956205485     
   1.20333166666667        2.70499625000000      -0.270300114887331     
   1.20333166666667        3.00532916666667      -0.280059003065994     
   1.20333166666667        3.30566208333333      -0.285763904767069     
   1.20333166666667        3.60599500000000      -0.287532191852589     
   1.20333166666667        3.90632791666667      -0.285740494048044     
   1.20333166666667        4.20666083333333      -0.280026210118528     
   1.20333166666667        4.50699375000000      -0.270271474539717     
   1.20333166666667        4.80732666666667      -0.257541860927004     
   1.20333166666667        5.10765958333333      -0.243315374075324     
   1.20333166666667        5.40799250000000      -0.228848256614967     
   1.20333166666667        5.70832541666667      -0.214748942315739     
   1.20333166666667        6.00865833333333      -0.200996565573193     
   1.20333166666667        6.30899125000000      -0.187684877443511     
   1.20333166666667        6.60932416666667      -0.175250869390855     
   1.20333166666667        6.90965708333333      -0.163982421004799     
   1.20333166666667        7.20999000000000      -0.152795282908591     
   1.50366458333333       2.000000000000000E-003 -0.155439007092795     
   1.50366458333333       0.302332916666667      -0.168615594150810     
   1.50366458333333       0.602665833333333      -0.182680894064085     
   1.50366458333333       0.902998750000000      -0.198084075729522     
   1.50366458333333        1.20333166666667      -0.214742686683561     
   1.50366458333333        1.50366458333333      -0.232333638784632     
   1.50366458333333        1.80399750000000      -0.250677092315000     
   1.50366458333333        2.10433041666667      -0.269570320997332     
   1.50366458333333        2.40466333333333      -0.288117625189745     
   1.50366458333333        2.70499625000000      -0.304968399014085     
   1.50366458333333        3.00532916666667      -0.318508594384434     
   1.50366458333333        3.30566208333333      -0.327247534394042     
   1.50366458333333        3.60599500000000      -0.330250373214822     
   1.50366458333333        3.90632791666667      -0.327235299475356     
   1.50366458333333        4.20666083333333      -0.318490424161104     
   1.50366458333333        4.50699375000000      -0.304952070512922     
   1.50366458333333        4.80732666666667      -0.288108357612710     
   1.50366458333333        5.10765958333333      -0.269569454830165     
   1.50366458333333        5.40799250000000      -0.250682793659477     
   1.50366458333333        5.70832541666667      -0.232342160141434     
   1.50366458333333        6.00865833333333      -0.214748405708102     
   1.50366458333333        6.30899125000000      -0.198082911497034     
   1.50366458333333        6.60932416666667      -0.182671820222406     
   1.50366458333333        6.90965708333333      -0.168600155287027     
   1.50366458333333        7.20999000000000      -0.155419637550909     
   1.80399750000000       2.000000000000000E-003 -0.159615609628222     
   1.80399750000000       0.302332916666667      -0.174221358204883     
   1.80399750000000       0.602665833333333      -0.190448608803352     
   1.80399750000000       0.902998750000000      -0.208666408565997     
   1.80399750000000        1.20333166666667      -0.228845455090269     
   1.80399750000000        1.50366458333333      -0.250677752673802     
   1.80399750000000        1.80399750000000      -0.273821238683694     
   1.80399750000000        2.10433041666667      -0.297546047738257     
   1.80399750000000        2.40466333333333      -0.320691137092156     
   1.80399750000000        2.70499625000000      -0.341685734970585     
   1.80399750000000        3.00532916666667      -0.358652692615401     
   1.80399750000000        3.30566208333333      -0.369738241724460     
   1.80399750000000        3.60599500000000      -0.373592925692396     
   1.80399750000000        3.90632791666667      -0.369731729879136     
   1.80399750000000        4.20666083333333      -0.358643101705018     
   1.80399750000000        4.50699375000000      -0.341677825577419     
   1.80399750000000        4.80732666666667      -0.320688200997523     
   1.80399750000000        5.10765958333333      -0.297548550529050     
   1.80399750000000        5.40799250000000      -0.273827081253683     
   1.80399750000000        5.70832541666667      -0.250683602018376     
   1.80399750000000        6.00865833333333      -0.228848307016293     
   1.80399750000000        6.30899125000000      -0.208663539849553     
   1.80399750000000        6.60932416666667      -0.190439420386553     
   1.80399750000000        6.90965708333333      -0.174207354657772     
   1.80399750000000        7.20999000000000      -0.159598794170333     
   2.10433041666667       2.000000000000000E-003 -0.165587355236391     
   2.10433041666667       0.302332916666667      -0.181203241697111     
   2.10433041666667       0.602665833333333      -0.198959437106657     
   2.10433041666667       0.902998750000000      -0.219649621460321     
   2.10433041666667        1.20333166666667      -0.243323810252142     
   2.10433041666667        1.50366458333333      -0.269573482324019     
   2.10433041666667        1.80399750000000      -0.297548741914977     
   2.10433041666667        2.10433041666667      -0.326051363767382     
   2.10433041666667        2.40466333333333      -0.353580838776885     
   2.10433041666667        2.70499625000000      -0.378319779564973     
   2.10433041666667        3.00532916666667      -0.398184323158284     
   2.10433041666667        3.30566208333333      -0.411114930631781     
   2.10433041666667        3.60599500000000      -0.415603885485430     
   2.10433041666667        3.90632791666667      -0.411111853970847     
   2.10433041666667        4.20666083333333      -0.398180182860390     
   2.10433041666667        4.50699375000000      -0.378317089474313     
   2.10433041666667        4.80732666666667      -0.353581095282652     
   2.10433041666667        5.10765958333333      -0.326054042210761     
   2.10433041666667        5.40799250000000      -0.297551405708943     
   2.10433041666667        5.70832541666667      -0.269572934396847     
   2.10433041666667        6.00865833333333      -0.243317605088142     
   2.10433041666667        6.30899125000000      -0.219637063745026     
   2.10433041666667        6.60932416666667      -0.198942166216617     
   2.10433041666667        6.90965708333333      -0.181184744425791     
   2.10433041666667        7.20999000000000      -0.165571572423483     
   2.40466333333333       2.000000000000000E-003 -0.173576007284822     
   2.40466333333333       0.302332916666667      -0.189309837361722     
   2.40466333333333       0.602665833333333      -0.207721274526101     
   2.40466333333333       0.902998750000000      -0.230454376321293     
   2.40466333333333        1.20333166666667      -0.257564898970179     
   2.40466333333333        1.50366458333333      -0.288124911047093     
   2.40466333333333        1.80399750000000      -0.320698329867969     
   2.40466333333333        2.10433041666667      -0.353585332591908     
   2.40466333333333        2.40466333333333      -0.384925914278337     
   2.40466333333333        2.70499625000000      -0.412702680812199     
   2.40466333333333        3.00532916666667      -0.434756086065073     
   2.40466333333333        3.30566208333333      -0.448998570321151     
   2.40466333333333        3.60599500000000      -0.453921561965892     
   2.40466333333333        3.90632791666667      -0.448997663566245     
   2.40466333333333        4.20666083333333      -0.434754986570226     
   2.40466333333333        4.50699375000000      -0.412702508073875     
   2.40466333333333        4.80732666666667      -0.384926715364203     
   2.40466333333333        5.10765958333333      -0.353585697394226     
   2.40466333333333        5.40799250000000      -0.320695657461490     
   2.40466333333333        5.70832541666667      -0.288116082718907     
   2.40466333333333        6.00865833333333      -0.257547377969620     
   2.40466333333333        6.30899125000000      -0.230427064102475     
   2.40466333333333        6.60932416666667      -0.207686773991862     
   2.40466333333333        6.90965708333333      -0.189277331444039     
   2.40466333333333        7.20999000000000      -0.173557587415582     
   2.70499625000000       2.000000000000000E-003 -0.182990961758708     
   2.70499625000000       0.302332916666667      -0.197339454596848     
   2.70499625000000       0.602665833333333      -0.215044802154417     
   2.70499625000000       0.902998750000000      -0.239682826742230     
   2.70499625000000        1.20333166666667      -0.270308318346096     
   2.70499625000000        1.50366458333333      -0.304980554214346     
   2.70499625000000        1.80399750000000      -0.341698317585461     
   2.70499625000000        2.10433041666667      -0.378329517637669     
   2.70499625000000        2.40466333333333      -0.412707663105979     
   2.70499625000000        2.70499625000000      -0.442685389261023     
   2.70499625000000        3.00532916666667      -0.466174853410873     
   2.70499625000000        3.30566208333333      -0.481242200773845     
   2.70499625000000        3.60599500000000      -0.486442296320694     
   2.70499625000000        3.90632791666667      -0.481242274211083     
   2.70499625000000        4.20666083333333      -0.466175132281114     
   2.70499625000000        4.50699375000000      -0.442685903105247     
   2.70499625000000        4.80732666666667      -0.412707558753655     
   2.70499625000000        5.10765958333333      -0.378327024362923     
   2.70499625000000        5.40799250000000      -0.341690777449615     
   2.70499625000000        5.70832541666667      -0.304964781551695     
   2.70499625000000        6.00865833333333      -0.270280390586979     
   2.70499625000000        6.30899125000000      -0.239637638293688     
   2.70499625000000        6.60932416666667      -0.214983924712820     
   2.70499625000000        6.90965708333333      -0.197283880611357     
   2.70499625000000        7.20999000000000      -0.182967634188613     
   3.00532916666667       2.000000000000000E-003 -0.191391640223487     
   3.00532916666667       0.302332916666667      -0.202499685701547     
   3.00532916666667       0.602665833333333      -0.218512966774846     
   3.00532916666667       0.902998750000000      -0.245500092915028     
   3.00532916666667        1.20333166666667      -0.280069204066543     
   3.00532916666667        1.50366458333333      -0.318525103662924     
   3.00532916666667        1.80399750000000      -0.358670290517437     
   3.00532916666667        2.10433041666667      -0.398198820450073     
   3.00532916666667        2.40466333333333      -0.434765323132419     
   3.00532916666667        2.70499625000000      -0.466178796123065     
   3.00532916666667        3.00532916666667      -0.490540971457068     
   3.00532916666667        3.30566208333333      -0.506172146098538     
   3.00532916666667        3.60599500000000      -0.511602225513637     
   3.00532916666667        3.90632791666667      -0.506172453320324     
   3.00532916666667        4.20666083333333      -0.490541519353245     
   3.00532916666667        4.50699375000000      -0.466179100922744     
   3.00532916666667        4.80732666666667      -0.434764285915142     
   3.00532916666667        5.10765958333333      -0.398194870538706     
   3.00532916666667        5.40799250000000      -0.358661129246066     
   3.00532916666667        5.70832541666667      -0.318507618570000     
   3.00532916666667        6.00865833333333      -0.280037263966689     
   3.00532916666667        6.30899125000000      -0.245443177050584     
   3.00532916666667        6.60932416666667      -0.218431629438722     
   3.00532916666667        6.90965708333333      -0.202421132983822     
   3.00532916666667        7.20999000000000      -0.191366697708191     
   3.30566208333333       2.000000000000000E-003 -0.193595631738463     
   3.30566208333333       0.302332916666667      -0.200916165454257     
   3.30566208333333       0.602665833333333      -0.216425134086354     
   3.30566208333333       0.902998750000000      -0.247231761865823     
   3.30566208333333        1.20333166666667      -0.285774210439147     
   3.30566208333333        1.50366458333333      -0.327266867132723     
   3.30566208333333        1.80399750000000      -0.369759329857229     
   3.30566208333333        2.10433041666667      -0.411132687860882     
   3.30566208333333        2.40466333333333      -0.449010567982009     
   3.30566208333333        2.70499625000000      -0.481248509609632     
   3.30566208333333        3.00532916666667      -0.506174350264277     
   3.30566208333333        3.30566208333333      -0.522326992591287     
   3.30566208333333        3.60599500000000      -0.528030405323290     
   3.30566208333333        3.90632791666667      -0.522327287967974     
   3.30566208333333        4.20666083333333      -0.506174709897954     
   3.30566208333333        4.50699375000000      -0.481248548758370     
   3.30566208333333        4.80732666666667      -0.449009711931224     
   3.30566208333333        5.10765958333333      -0.411129861464623     
   3.30566208333333        5.40799250000000      -0.369753295352601     
   3.30566208333333        5.70832541666667      -0.327255404203316     
   3.30566208333333        6.00865833333333      -0.285751750065723     
   3.30566208333333        6.30899125000000      -0.247189337978151     
   3.30566208333333        6.60932416666667      -0.216357824205373     
   3.30566208333333        6.90965708333333      -0.200842038962855     
   3.30566208333333        7.20999000000000      -0.193581027962503     
   3.60599500000000       2.000000000000000E-003 -0.192375374692642     
   3.60599500000000       0.302332916666667      -0.197217250878082     
   3.60599500000000       0.602665833333333      -0.213778431473719     
   3.60599500000000       0.902998750000000      -0.247118537116704     
   3.60599500000000        1.20333166666667      -0.287542170037223     
   3.60599500000000        1.50366458333333      -0.330270657008576     
   3.60599500000000        1.80399750000000      -0.373615266475702     
   3.60599500000000        2.10433041666667      -0.415622804065961     
   3.60599500000000        2.40466333333333      -0.453934510431440     
   3.60599500000000        2.70499625000000      -0.486449376895608     
   3.60599500000000        3.00532916666667      -0.511605109466051     
   3.60599500000000        3.30566208333333      -0.528031061864897     
   3.60599500000000        3.60599500000000      -0.533896520991936     
   3.60599500000000        3.90632791666667      -0.528030955400276     
   3.60599500000000        4.20666083333333      -0.511605035054396     
   3.60599500000000        4.50699375000000      -0.486449256120410     
   3.60599500000000        4.80732666666667      -0.453934548569185     
   3.60599500000000        5.10765958333333      -0.415623061945670     
   3.60599500000000        5.40799250000000      -0.373615796453496     
   3.60599500000000        5.70832541666667      -0.330271464114602     
   3.60599500000000        6.00865833333333      -0.287543156182111     
   3.60599500000000        6.30899125000000      -0.247119614224483     
   3.60599500000000        6.60932416666667      -0.213779419003840     
   3.60599500000000        6.90965708333333      -0.197217807108072     
   3.60599500000000        7.20999000000000      -0.192376217424943     
   3.90632791666667       2.000000000000000E-003 -0.193580422874807     
   3.90632791666667       0.302332916666667      -0.200841449820420     
   3.90632791666667       0.602665833333333      -0.216356781994241     
   3.90632791666667       0.902998750000000      -0.247188276099729     
   3.90632791666667        1.20333166666667      -0.285750844556478     
   3.90632791666667        1.50366458333333      -0.327254675219607     
   3.90632791666667        1.80399750000000      -0.369752858498227     
   3.90632791666667        2.10433041666667      -0.411129644840533     
   3.90632791666667        2.40466333333333      -0.449009684975591     
   3.90632791666667        2.70499625000000      -0.481248597078446     
   3.90632791666667        3.00532916666667      -0.506174664537284     
   3.90632791666667        3.30566208333333      -0.522327291460624     
   3.90632791666667        3.60599500000000      -0.528030301449374     
   3.90632791666667        3.90632791666667      -0.522327038393381     
   3.90632791666667        4.20666083333333      -0.506174293797019     
   3.90632791666667        4.50699375000000      -0.481248490526051     
   3.90632791666667        4.80732666666667      -0.449010742908084     
   3.90632791666667        5.10765958333333      -0.411133046239807     
   3.90632791666667        5.40799250000000      -0.369759920058356     
   3.90632791666667        5.70832541666667      -0.327267731184939     
   3.90632791666667        6.00865833333333      -0.285775165038521     
   3.90632791666667        6.30899125000000      -0.247232687936431     
   3.90632791666667        6.60932416666667      -0.216425742002978     
   3.90632791666667        6.90965708333333      -0.200916260054487     
   3.90632791666667        7.20999000000000      -0.193595900915141     
   4.20666083333333       2.000000000000000E-003 -0.191366748367471     
   4.20666083333333       0.302332916666667      -0.202420888855432     
   4.20666083333333       0.602665833333333      -0.218430939639840     
   4.20666083333333       0.902998750000000      -0.245442313465750     
   4.20666083333333        1.20333166666667      -0.280036482533062     
   4.20666083333333        1.50366458333333      -0.318507006210421     
   4.20666083333333        1.80399750000000      -0.358660770452452     
   4.20666083333333        2.10433041666667      -0.398194739998990     
   4.20666083333333        2.40466333333333      -0.434764265967850     
   4.20666083333333        2.70499625000000      -0.466179099330102     
   4.20666083333333        3.00532916666667      -0.490541530305493     
   4.20666083333333        3.30566208333333      -0.506172509691128     
   4.20666083333333        3.60599500000000      -0.511602153420829     
   4.20666083333333        3.90632791666667      -0.506172087121652     
   4.20666083333333        4.20666083333333      -0.490540894984509     
   4.20666083333333        4.50699375000000      -0.466178827489391     
   4.20666083333333        4.80732666666667      -0.434765481348955     
   4.20666083333333        5.10765958333333      -0.398199256451967     
   4.20666083333333        5.40799250000000      -0.358670945349831     
   4.20666083333333        5.70832541666667      -0.318525976882911     
   4.20666083333333        6.00865833333333      -0.280070127860081     
   4.20666083333333        6.30899125000000      -0.245500894117529     
   4.20666083333333        6.60932416666667      -0.218513428659847     
   4.20666083333333        6.90965708333333      -0.202499772373837     
   4.20666083333333        7.20999000000000      -0.191391701907334     
   4.50699375000000       2.000000000000000E-003 -0.182968026232723     
   4.50699375000000       0.302332916666667      -0.197283767904368     
   4.50699375000000       0.602665833333333      -0.214983402858264     
   4.50699375000000       0.902998750000000      -0.239636936784880     
   4.50699375000000        1.20333166666667      -0.270279749351925     
   4.50699375000000        1.50366458333333      -0.304964308596772     
   4.50699375000000        1.80399750000000      -0.341690494633181     
   4.50699375000000        2.10433041666667      -0.378326903464715     
   4.50699375000000        2.40466333333333      -0.412707545230572     
   4.50699375000000        2.70499625000000      -0.442685934483076     
   4.50699375000000        3.00532916666667      -0.466175171033219     
   4.50699375000000        3.30566208333333      -0.481242242530778     
   4.50699375000000        3.60599500000000      -0.486442175718223     
   4.50699375000000        3.90632791666667      -0.481242171384027     
   4.50699375000000        4.20666083333333      -0.466174873794294     
   4.50699375000000        4.50699375000000      -0.442685565591053     
   4.50699375000000        4.80732666666667      -0.412708019997127     
   4.50699375000000        5.10765958333333      -0.378329998656701     
   4.50699375000000        5.40799250000000      -0.341699045628929     
   4.50699375000000        5.70832541666667      -0.304981406990685     
   4.50699375000000        6.00865833333333      -0.270309239214708     
   4.50699375000000        6.30899125000000      -0.239683672111096     
   4.50699375000000        6.60932416666667      -0.215045371858943     
   4.50699375000000        6.90965708333333      -0.197339712721205     
   4.50699375000000        7.20999000000000      -0.182990855494473     
   4.80732666666667       2.000000000000000E-003 -0.173558190008338     
   4.80732666666667       0.302332916666667      -0.189277276842198     
   4.80732666666667       0.602665833333333      -0.207686334314968     
   4.80732666666667       0.902998750000000      -0.230426493165100     
   4.80732666666667        1.20333166666667      -0.257546853113999     
   4.80732666666667        1.50366458333333      -0.288115719723520     
   4.80732666666667        1.80399750000000      -0.320695483917992     
   4.80732666666667        2.10433041666667      -0.353585674594745     
   4.80732666666667        2.40466333333333      -0.384926781412472     
   4.80732666666667        2.70499625000000      -0.412702617298543     
   4.80732666666667        3.00532916666667      -0.434755067822105     
   4.80732666666667        3.30566208333333      -0.448997719992561     
   4.80732666666667        3.60599500000000      -0.453921601766913     
   4.80732666666667        3.90632791666667      -0.448998726707094     
   4.80732666666667        4.20666083333333      -0.434756217842946     
   4.80732666666667        4.50699375000000      -0.412703018269009     
   4.80732666666667        4.80732666666667      -0.384926339511247     
   4.80732666666667        5.10765958333333      -0.353585923091662     
   4.80732666666667        5.40799250000000      -0.320699081934256     
   4.80732666666667        5.70832541666667      -0.288125740654795     
   4.80732666666667        6.00865833333333      -0.257565786981234     
   4.80732666666667        6.30899125000000      -0.230455176785561     
   4.80732666666667        6.60932416666667      -0.207721859339794     
   4.80732666666667        6.90965708333333      -0.189310059332969     
   4.80732666666667        7.20999000000000      -0.173575619158614     
   5.10765958333333       2.000000000000000E-003 -0.165572345325778     
   5.10765958333333       0.302332916666667      -0.181184762453853     
   5.10765958333333       0.602665833333333      -0.198941807579091     
   5.10765958333333       0.902998750000000      -0.219636599171740     
   5.10765958333333        1.20333166666667      -0.243317201077589     
   5.10765958333333        1.50366458333333      -0.269572678237080     
   5.10765958333333        1.80399750000000      -0.297551334347785     
   5.10765958333333        2.10433041666667      -0.326054137947578     
   5.10765958333333        2.40466333333333      -0.353581286662795     
   5.10765958333333        2.70499625000000      -0.378317346607108     
   5.10765958333333        3.00532916666667      -0.398180410690444     
   5.10765958333333        3.30566208333333      -0.411112125615545     
   5.10765958333333        3.60599500000000      -0.415604157517943     
   5.10765958333333        3.90632791666667      -0.411115270025617     
   5.10765958333333        4.20666083333333      -0.398184721230109     
   5.10765958333333        4.50699375000000      -0.378320221498738     
   5.10765958333333        4.80732666666667      -0.353581405137081     
   5.10765958333333        5.10765958333333      -0.326052055678020     
   5.10765958333333        5.40799250000000      -0.297549543352314     
   5.10765958333333        5.70832541666667      -0.269574308448455     
   5.10765958333333        6.00865833333333      -0.243324630826759     
   5.10765958333333        6.30899125000000      -0.219650343214991     
   5.10765958333333        6.60932416666667      -0.198959905880763     
   5.10765958333333        6.90965708333333      -0.181203281755011     
   5.10765958333333        7.20999000000000      -0.165586599927711     
   5.40799250000000       2.000000000000000E-003 -0.159599709996410     
   5.40799250000000       0.302332916666667      -0.174207471294703     
   5.40799250000000       0.602665833333333      -0.190439153158326     
   5.40799250000000       0.902998750000000      -0.208663180869361     
   5.40799250000000        1.20333166666667      -0.228848028166385     
   5.40799250000000        1.50366458333333      -0.250683503678836     
   5.40799250000000        1.80399750000000      -0.273827172947831     
   5.40799250000000        2.10433041666667      -0.297548823057528     
   5.40799250000000        2.40466333333333      -0.320688574451998     
   5.40799250000000        2.70499625000000      -0.341678288396327     
   5.40799250000000        3.00532916666667      -0.358643604223885     
   5.40799250000000        3.30566208333333      -0.369732262584047     
   5.40799250000000        3.60599500000000      -0.373593499388141     
   5.40799250000000        3.90632791666667      -0.369738828659068     
   5.40799250000000        4.20666083333333      -0.358653311529602     
   5.40799250000000        4.50699375000000      -0.341686414143167     
   5.40799250000000        4.80732666666667      -0.320691846302731     
   5.40799250000000        5.10765958333333      -0.297546825283156     
   5.40799250000000        5.40799250000000      -0.273822031131281     
   5.40799250000000        5.70832541666667      -0.250678506821080     
   5.40799250000000        6.00865833333333      -0.228846166855203     
   5.40799250000000        6.30899125000000      -0.208666975232871     
   5.40799250000000        6.60932416666667      -0.190448870491029     
   5.40799250000000        6.90965708333333      -0.174221094336646     
   5.40799250000000        7.20999000000000      -0.159614475574997     
   5.70832541666667       2.000000000000000E-003 -0.155420644649802     
   5.70832541666667       0.302332916666667      -0.168600391814605     
   5.70832541666667       0.602665833333333      -0.182671673378562     
   5.70832541666667       0.902998750000000      -0.198082671240295     
   5.70832541666667        1.20333166666667      -0.214748244714578     
   5.70832541666667        1.50366458333333      -0.232342199931337     
   5.70832541666667        1.80399750000000      -0.250683038453314     
   5.70832541666667        2.10433041666667      -0.269569903414637     
   5.70832541666667        2.40466333333333      -0.288108938258581     
   5.70832541666667        2.70499625000000      -0.304952762205863     
   5.70832541666667        3.00532916666667      -0.318491232659859     
   5.70832541666667        3.30566208333333      -0.327236181472284     
   5.70832541666667        3.60599500000000      -0.330251275844840     
   5.70832541666667        3.90632791666667      -0.327248433573785     
   5.70832541666667        4.20666083333333      -0.318509453773342     
   5.70832541666667        4.50699375000000      -0.304969209979434     
   5.70832541666667        4.80732666666667      -0.288118406381225     
   5.70832541666667        5.10765958333333      -0.269571107357681     
   5.70832541666667        5.40799250000000      -0.250677823606867     
   5.70832541666667        5.70832541666667      -0.232334335205375     
   5.70832541666667        6.00865833333333      -0.214743247428435     
   5.70832541666667        6.30899125000000      -0.198084416645462     
   5.70832541666667        6.60932416666667      -0.182680907528971     
   5.70832541666667        6.90965708333333      -0.168615044995094     
   5.70832541666667        7.20999000000000      -0.155437583846707     
   6.00865833333333       2.000000000000000E-003 -0.152796282375174     
   6.00865833333333       0.302332916666667      -0.163982758367376     
   6.00865833333333       0.602665833333333      -0.175250865344232     
   6.00865833333333       0.902998750000000      -0.187684751391055     
   6.00865833333333        1.20333166666667      -0.200996510682486     
   6.00865833333333        1.50366458333333      -0.214749088430975     
   6.00865833333333        1.80399750000000      -0.228848621408301     
   6.00865833333333        2.10433041666667      -0.243315937212157     
   6.00865833333333        2.40466333333333      -0.257542598214892     
   6.00865833333333        2.70499625000000      -0.270272359617095     
   6.00865833333333        3.00532916666667      -0.280027244697979     
   6.00865833333333        3.30566208333333      -0.285741634539440     
   6.00865833333333        3.60599500000000      -0.287533358797386     
   6.00865833333333        3.90632791666667      -0.285764962551754     
   6.00865833333333        4.20666083333333      -0.280059955837869     
   6.00865833333333        4.50699375000000      -0.270301016656413     
   6.00865833333333        4.80732666666667      -0.257560803942930     
   6.00865833333333        5.10765958333333      -0.243322777075745     
   6.00865833333333        5.40799250000000      -0.228846343463862     
   6.00865833333333        5.70832541666667      -0.214743886806419     
   6.00865833333333        6.00865833333333      -0.200995193443494     
   6.00865833333333        6.30899125000000      -0.187691467869551     
   6.00865833333333        6.60932416666667      -0.175265652106948     
   6.00865833333333        6.90965708333333      -0.164001758253716     
   6.00865833333333        7.20999000000000      -0.152814269258861     
   6.30899125000000       2.000000000000000E-003 -0.151357908953818     
   6.30899125000000       0.302332916666667      -0.159367746665539     
   6.30899125000000       0.602665833333333      -0.167320238762641     
   6.30899125000000       0.902998750000000      -0.177243129354437     
   6.30899125000000        1.20333166666667      -0.187685702554978     
   6.30899125000000        1.50366458333333      -0.198084486676876     
   6.30899125000000        1.80399750000000      -0.208665104897512     
   6.30899125000000        2.10433041666667      -0.219637459427020     
   6.30899125000000        2.40466333333333      -0.230425805181750     
   6.30899125000000        2.70499625000000      -0.239635724801467     
   6.30899125000000        3.00532916666667      -0.245443565995297     
   6.30899125000000        3.30566208333333      -0.247194405417563     
   6.30899125000000        3.60599500000000      -0.247127275011856     
   6.30899125000000        3.90632791666667      -0.247237662629527     
   6.30899125000000        4.20666083333333      -0.245501137690879     
   6.30899125000000        4.50699375000000      -0.239681586541486     
   6.30899125000000        4.80732666666667      -0.230453739457680     
   6.30899125000000        5.10765958333333      -0.219650569861072     
   6.30899125000000        5.40799250000000      -0.208668421757180     
   6.30899125000000        5.70832541666667      -0.198085963266215     
   6.30899125000000        6.00865833333333      -0.187692346214267     
   6.30899125000000        6.30899125000000      -0.177258590253338     
   6.30899125000000        6.60932416666667      -0.167342857676324     
   6.30899125000000        6.90965708333333      -0.159390472034211     
   6.30899125000000        7.20999000000000      -0.151371814099088     
   6.60932416666667       2.000000000000000E-003 -0.149943304604510     
   6.60932416666667       0.302332916666667      -0.152744444439649     
   6.60932416666667       0.602665833333333      -0.158560300434164     
   6.60932416666667       0.902998750000000      -0.167320851445243     
   6.60932416666667        1.20333166666667      -0.175252141310325     
   6.60932416666667        1.50366458333333      -0.182673680833754     
   6.60932416666667        1.80399750000000      -0.190441543807349     
   6.60932416666667        2.10433041666667      -0.198944006951877     
   6.60932416666667        2.40466333333333      -0.207688282478972     
   6.60932416666667        2.70499625000000      -0.214986924488819     
   6.60932416666667        3.00532916666667      -0.218440244266585     
   6.60932416666667        3.30566208333333      -0.216376101957135     
   6.60932416666667        3.60599500000000      -0.213803375951584     
   6.60932416666667        3.90632791666667      -0.216443929487881     
   6.60932416666667        4.20666083333333      -0.218521965281877     
   6.60932416666667        4.50699375000000      -0.215048288271175     
   6.60932416666667        4.80732666666667      -0.207723265116512     
   6.60932416666667        5.10765958333333      -0.198961636876161     
   6.60932416666667        5.40799250000000      -0.190450931075401     
   6.60932416666667        5.70832541666667      -0.182682774781786     
   6.60932416666667        6.00865833333333      -0.175266987475045     
   6.60932416666667        6.30899125000000      -0.167343629585536     
   6.60932416666667        6.60932416666667      -0.158586933173787     
   6.60932416666667        6.90965708333333      -0.152766657741445     
   6.60932416666667        7.20999000000000      -0.149947976262110     
   6.90965708333333       2.000000000000000E-003 -0.144727910584386     
   6.90965708333333       0.302332916666667      -0.144988251204652     
   6.90965708333333       0.602665833333333      -0.152745354378901     
   6.90965708333333       0.902998750000000      -0.159368505767949     
   6.90965708333333        1.20333166666667      -0.163983485187942     
   6.90965708333333        1.50366458333333      -0.168601449987502     
   6.90965708333333        1.80399750000000      -0.174208962207405     
   6.90965708333333        2.10433041666667      -0.181186543878535     
   6.90965708333333        2.40466333333333      -0.189279393692710     
   6.90965708333333        2.70499625000000      -0.197287468619817     
   6.90965708333333        3.00532916666667      -0.202429793886996     
   6.90965708333333        3.30566208333333      -0.200860695319329     
   6.90965708333333        3.60599500000000      -0.197243671540023     
   6.90965708333333        3.90632791666667      -0.200934900592263     
   6.90965708333333        4.20666083333333      -0.202508571524041     
   6.90965708333333        4.50699375000000      -0.197343424312321     
   6.90965708333333        4.80732666666667      -0.189312153622722     
   6.90965708333333        5.10765958333333      -0.181205072806413     
   6.90965708333333        5.40799250000000      -0.174222717086756     
   6.90965708333333        5.70832541666667      -0.168616397554473     
   6.90965708333333        6.00865833333333      -0.164002913572706     
   6.90965708333333        6.30899125000000      -0.159391785138857     
   6.90965708333333        6.60932416666667      -0.152768205979841     
   6.90965708333333        6.90965708333333      -0.145013323320833     
   6.90965708333333        7.20999000000000      -0.144742775363179     
   7.20999000000000       2.000000000000000E-003 -0.135583921205149     
   7.20999000000000       0.302332916666667      -0.144728916394873     
   7.20999000000000       0.602665833333333      -0.149944770308052     
   7.20999000000000       0.902998750000000      -0.151358152286145     
   7.20999000000000        1.20333166666667      -0.152795739687555     
   7.20999000000000        1.50366458333333      -0.155419902361078     
   7.20999000000000        1.80399750000000      -0.159599126416876     
   7.20999000000000        2.10433041666667      -0.165572051988733     
   7.20999000000000        2.40466333333333      -0.173558146137665     
   7.20999000000000        2.70499625000000      -0.182968714947070     
   7.20999000000000        3.00532916666667      -0.191370424780082     
   7.20999000000000        3.30566208333333      -0.193590716522491     
   7.20999000000000        3.60599500000000      -0.192389590202685     
   7.20999000000000        3.90632791666667      -0.193605918369959     
   7.20999000000000        4.20666083333333      -0.191395982619703     
   7.20999000000000        4.50699375000000      -0.182992350036003     
   7.20999000000000        4.80732666666667      -0.173576380516627     
   7.20999000000000        5.10765958333333      -0.165587181286110     
   7.20999000000000        5.40799250000000      -0.159614902388389     
   7.20999000000000        5.70832541666667      -0.155437961697644     
   7.20999000000000        6.00865833333333      -0.152814853797313     
   7.20999000000000        6.30899125000000      -0.151373121254457     
   7.20999000000000        6.60932416666667      -0.149950397496444     
   7.20999000000000        6.90965708333333      -0.144744579581069     
   7.20999000000000        7.20999000000000      -0.135618739990084     
