  2.000000000000000E-003  2.000000000000000E-003 -0.189006462872271     
  2.000000000000000E-003  0.302332916666667      -0.196792757137996     
  2.000000000000000E-003  0.602665833333333      -0.198270138801414     
  2.000000000000000E-003  0.902998750000000      -0.195511278929561     
  2.000000000000000E-003   1.20333166666667      -0.192110711436641     
  2.000000000000000E-003   1.50366458333333      -0.189005955861041     
  2.000000000000000E-003   1.80399750000000      -0.186438514614842     
  2.000000000000000E-003   2.10433041666667      -0.184546741472822     
  2.000000000000000E-003   2.40466333333333      -0.183178387544694     
  2.000000000000000E-003   2.70499625000000      -0.182011773771265     
  2.000000000000000E-003   3.00532916666667      -0.180623202752912     
  2.000000000000000E-003   3.30566208333333      -0.177163046939495     
  2.000000000000000E-003   3.60599500000000      -0.171951164220130     
  2.000000000000000E-003   3.90632791666667      -0.164306637390953     
  2.000000000000000E-003   4.20666083333333      -0.155624737733010     
  2.000000000000000E-003   4.50699375000000      -0.144505822131135     
  2.000000000000000E-003   4.80732666666667      -0.133839260265238     
  2.000000000000000E-003   5.10765958333333      -0.124778523654028     
  2.000000000000000E-003   5.40799250000000      -0.117608809385578     
  2.000000000000000E-003   5.70832541666667      -0.112079477995285     
  2.000000000000000E-003   6.00865833333333      -0.107931205347405     
  2.000000000000000E-003   6.30899125000000      -0.104914891341948     
  2.000000000000000E-003   6.60932416666667      -0.102411799296624     
  2.000000000000000E-003   6.90965708333333      -9.822402338612345E-002
  2.000000000000000E-003   7.20999000000000      -9.202667097054258E-002
  0.302332916666667       2.000000000000000E-003 -0.209847420405054     
  0.302332916666667       0.302332916666667      -0.200854816223707     
  0.302332916666667       0.602665833333333      -0.204857665512501     
  0.302332916666667       0.902998750000000      -0.210013754121398     
  0.302332916666667        1.20333166666667      -0.210783521167741     
  0.302332916666667        1.50366458333333      -0.209431509743182     
  0.302332916666667        1.80399750000000      -0.207414040995825     
  0.302332916666667        2.10433041666667      -0.205362694093154     
  0.302332916666667        2.40466333333333      -0.203179330934705     
  0.302332916666667        2.70499625000000      -0.200288917796061     
  0.302332916666667        3.00532916666667      -0.196083027615500     
  0.302332916666667        3.30566208333333      -0.189296781086172     
  0.302332916666667        3.60599500000000      -0.181043530448020     
  0.302332916666667        3.90632791666667      -0.173396153605577     
  0.302332916666667        4.20666083333333      -0.164285161298358     
  0.302332916666667        4.50699375000000      -0.153300774568769     
  0.302332916666667        4.80732666666667      -0.142623066689169     
  0.302332916666667        5.10765958333333      -0.133161417517303     
  0.302332916666667        5.40799250000000      -0.125229330769697     
  0.302332916666667        5.70832541666667      -0.118769268529688     
  0.302332916666667        6.00865833333333      -0.113455659502944     
  0.302332916666667        6.30899125000000      -0.108863987139703     
  0.302332916666667        6.60932416666667      -0.104142480843157     
  0.302332916666667        6.90965708333333      -9.884344803685320E-002
  0.302332916666667        7.20999000000000      -9.510431278159537E-002
  0.602665833333333       2.000000000000000E-003 -0.224122917431488     
  0.602665833333333       0.302332916666667      -0.221204180714120     
  0.602665833333333       0.602665833333333      -0.221173273995703     
  0.602665833333333       0.902998750000000      -0.227230108280533     
  0.602665833333333        1.20333166666667      -0.231210068785601     
  0.602665833333333        1.50366458333333      -0.232273362942010     
  0.602665833333333        1.80399750000000      -0.231412183618305     
  0.602665833333333        2.10433041666667      -0.229445591010151     
  0.602665833333333        2.40466333333333      -0.226525618207166     
  0.602665833333333        2.70499625000000      -0.222012781925179     
  0.602665833333333        3.00532916666667      -0.215292583573560     
  0.602665833333333        3.30566208333333      -0.205735930162564     
  0.602665833333333        3.60599500000000      -0.194727151329509     
  0.602665833333333        3.90632791666667      -0.184277032208557     
  0.602665833333333        4.20666083333333      -0.173610370213860     
  0.602665833333333        4.50699375000000      -0.162362837692454     
  0.602665833333333        4.80732666666667      -0.151651598961184     
  0.602665833333333        5.10765958333333      -0.141723967286493     
  0.602665833333333        5.40799250000000      -0.133011878986154     
  0.602665833333333        5.70832541666667      -0.125493098082276     
  0.602665833333333        6.00865833333333      -0.118813006281958     
  0.602665833333333        6.30899125000000      -0.112596035348545     
  0.602665833333333        6.60932416666667      -0.106547255954274     
  0.602665833333333        6.90965708333333      -0.101224336618799     
  0.602665833333333        7.20999000000000      -9.637710310928227E-002
  0.902998750000000       2.000000000000000E-003 -0.229101485418141     
  0.902998750000000       0.302332916666667      -0.236643752190852     
  0.902998750000000       0.602665833333333      -0.241642885252033     
  0.902998750000000       0.902998750000000      -0.248756111472631     
  0.902998750000000        1.20333166666667      -0.255002444722072     
  0.902998750000000        1.50366458333333      -0.258424244668421     
  0.902998750000000        1.80399750000000      -0.258926084802717     
  0.902998750000000        2.10433041666667      -0.257169439132521     
  0.902998750000000        2.40466333333333      -0.253579197679323     
  0.902998750000000        2.70499625000000      -0.247686668906094     
  0.902998750000000        3.00532916666667      -0.239056579191141     
  0.902998750000000        3.30566208333333      -0.227538407373138     
  0.902998750000000        3.60599500000000      -0.214030277087015     
  0.902998750000000        3.90632791666667      -0.200026664604258     
  0.902998750000000        4.20666083333333      -0.186294840781503     
  0.902998750000000        4.50699375000000      -0.173307186082016     
  0.902998750000000        4.80732666666667      -0.161456525228337     
  0.902998750000000        5.10765958333333      -0.150668989112959     
  0.902998750000000        5.40799250000000      -0.140940035765840     
  0.902998750000000        5.70832541666667      -0.132249350786522     
  0.902998750000000        6.00865833333333      -0.124234016779155     
  0.902998750000000        6.30899125000000      -0.116735106053049     
  0.902998750000000        6.60932416666667      -0.109823325897057     
  0.902998750000000        6.90965708333333      -0.103622848117495     
  0.902998750000000        7.20999000000000      -9.740107722063510E-002
   1.20333166666667       2.000000000000000E-003 -0.235224446084907     
   1.20333166666667       0.302332916666667      -0.249183392391350     
   1.20333166666667       0.602665833333333      -0.261203522080140     
   1.20333166666667       0.902998750000000      -0.272847728198998     
   1.20333166666667        1.20333166666667      -0.282708294787378     
   1.20333166666667        1.50366458333333      -0.288958297403043     
   1.20333166666667        1.80399750000000      -0.290953446037810     
   1.20333166666667        2.10433041666667      -0.289391696760200     
   1.20333166666667        2.40466333333333      -0.284816981528542     
   1.20333166666667        2.70499625000000      -0.277078548185499     
   1.20333166666667        3.00532916666667      -0.266141523548086     
   1.20333166666667        3.30566208333333      -0.252189831789292     
   1.20333166666667        3.60599500000000      -0.235899020099332     
   1.20333166666667        3.90632791666667      -0.218524984654376     
   1.20333166666667        4.20666083333333      -0.201483119903092     
   1.20333166666667        4.50699375000000      -0.185861913029993     
   1.20333166666667        4.80732666666667      -0.172077472451314     
   1.20333166666667        5.10765958333333      -0.159923845597646     
   1.20333166666667        5.40799250000000      -0.148950366466993     
   1.20333166666667        5.70832541666667      -0.138916567316683     
   1.20333166666667        6.00865833333333      -0.129519434640018     
   1.20333166666667        6.30899125000000      -0.120725438209506     
   1.20333166666667        6.60932416666667      -0.112693091313133     
   1.20333166666667        6.90965708333333      -0.105391016830453     
   1.20333166666667        7.20999000000000      -9.832580643366794E-002
   1.50366458333333       2.000000000000000E-003 -0.246370784019971     
   1.50366458333333       0.302332916666667      -0.265049824716360     
   1.50366458333333       0.602665833333333      -0.283474984812038     
   1.50366458333333       0.902998750000000      -0.301176442153546     
   1.50366458333333        1.20333166666667      -0.316098339721933     
   1.50366458333333        1.50366458333333      -0.325883395383645     
   1.50366458333333        1.80399750000000      -0.329558883847233     
   1.50366458333333        2.10433041666667      -0.327713206019579     
   1.50366458333333        2.40466333333333      -0.320975848641515     
   1.50366458333333        2.70499625000000      -0.310137237960802     
   1.50366458333333        3.00532916666667      -0.295856176431131     
   1.50366458333333        3.30566208333333      -0.278612240137073     
   1.50366458333333        3.60599500000000      -0.259057594321930     
   1.50366458333333        3.90632791666667      -0.238343886941833     
   1.50366458333333        4.20666083333333      -0.218007689307866     
   1.50366458333333        4.50699375000000      -0.199429062699576     
   1.50366458333333        4.80732666666667      -0.183271848585645     
   1.50366458333333        5.10765958333333      -0.169331233561390     
   1.50366458333333        5.40799250000000      -0.156902637580077     
   1.50366458333333        5.70832541666667      -0.145382235595698     
   1.50366458333333        6.00865833333333      -0.134529190295840     
   1.50366458333333        6.30899125000000      -0.124381201555219     
   1.50366458333333        6.60932416666667      -0.115172523851869     
   1.50366458333333        6.90965708333333      -0.106929203764921     
   1.50366458333333        7.20999000000000      -9.932237856885409E-002
   1.80399750000000       2.000000000000000E-003 -0.264233981531475     
   1.80399750000000       0.302332916666667      -0.287673617807888     
   1.80399750000000       0.602665833333333      -0.312472431743074     
   1.80399750000000       0.902998750000000      -0.337040275307086     
   1.80399750000000        1.20333166666667      -0.358084018183421     
   1.80399750000000        1.50366458333333      -0.372131675637372     
   1.80399750000000        1.80399750000000      -0.377341892038946     
   1.80399750000000        2.10433041666667      -0.373707641323291     
   1.80399750000000        2.40466333333333      -0.362784593082365     
   1.80399750000000        2.70499625000000      -0.346801985916909     
   1.80399750000000        3.00532916666667      -0.327569668990486     
   1.80399750000000        3.30566208333333      -0.306053242999867     
   1.80399750000000        3.60599500000000      -0.282805293667199     
   1.80399750000000        3.90632791666667      -0.258667711651457     
   1.80399750000000        4.20666083333333      -0.235020793052807     
   1.80399750000000        4.50699375000000      -0.213362488153980     
   1.80399750000000        4.80732666666667      -0.194591034669097     
   1.80399750000000        5.10765958333333      -0.178607243124871     
   1.80399750000000        5.40799250000000      -0.164574519241483     
   1.80399750000000        5.70832541666667      -0.151607925524430     
   1.80399750000000        6.00865833333333      -0.139323343134657     
   1.80399750000000        6.30899125000000      -0.127874179281963     
   1.80399750000000        6.60932416666667      -0.117590674497421     
   1.80399750000000        6.90965708333333      -0.108579070857342     
   1.80399750000000        7.20999000000000      -0.100560136875776     
   2.10433041666667       2.000000000000000E-003 -0.290157395551578     
   2.10433041666667       0.302332916666667      -0.319255415064600     
   2.10433041666667       0.602665833333333      -0.351089827014916     
   2.10433041666667       0.902998750000000      -0.383356699465826     
   2.10433041666667        1.20333166666667      -0.411134352193953     
   2.10433041666667        1.50366458333333      -0.429483436729885     
   2.10433041666667        1.80399750000000      -0.435102851440410     
   2.10433041666667        2.10433041666667      -0.427752790389421     
   2.10433041666667        2.40466333333333      -0.410212086707855     
   2.10433041666667        2.70499625000000      -0.386627806367057     
   2.10433041666667        3.00532916666667      -0.360456938347193     
   2.10433041666667        3.30566208333333      -0.333420044417912     
   2.10433041666667        3.60599500000000      -0.305947325852602     
   2.10433041666667        3.90632791666667      -0.278339385913610     
   2.10433041666667        4.20666083333333      -0.251518639503839     
   2.10433041666667        4.50699375000000      -0.226875951931780     
   2.10433041666667        4.80732666666667      -0.205475479832545     
   2.10433041666667        5.10765958333333      -0.187385188097248     
   2.10433041666667        5.40799250000000      -0.171743768748253     
   2.10433041666667        5.70832541666667      -0.157472216117730     
   2.10433041666667        6.00865833333333      -0.144002340476997     
   2.10433041666667        6.30899125000000      -0.131455501410910     
   2.10433041666667        6.60932416666667      -0.120244666496210     
   2.10433041666667        6.90965708333333      -0.110586819104112     
   2.10433041666667        7.20999000000000      -0.102172718369335     
   2.40466333333333       2.000000000000000E-003 -0.325642755617065     
   2.40466333333333       0.302332916666667      -0.361016137551327     
   2.40466333333333       0.602665833333333      -0.400817437577682     
   2.40466333333333       0.902998750000000      -0.440606274839182     
   2.40466333333333        1.20333166666667      -0.474425216240041     
   2.40466333333333        1.50366458333333      -0.496027071246493     
   2.40466333333333        1.80399750000000      -0.500659252018580     
   2.40466333333333        2.10433041666667      -0.487781105521564     
   2.40466333333333        2.40466333333333      -0.461475259627155     
   2.40466333333333        2.70499625000000      -0.428124360261976     
   2.40466333333333        3.00532916666667      -0.393224037133821     
   2.40466333333333        3.30566208333333      -0.359513495725376     
   2.40466333333333        3.60599500000000      -0.327333193051814     
   2.40466333333333        3.90632791666667      -0.296273200847770     
   2.40466333333333        4.20666083333333      -0.266539255023798     
   2.40466333333333        4.50699375000000      -0.239194394355567     
   2.40466333333333        4.80732666666667      -0.215361237866334     
   2.40466333333333        5.10765958333333      -0.195286850629781     
   2.40466333333333        5.40799250000000      -0.178163974870185     
   2.40466333333333        5.70832541666667      -0.162789418853384     
   2.40466333333333        6.00865833333333      -0.148418474301168     
   2.40466333333333        6.30899125000000      -0.135088822249862     
   2.40466333333333        6.60932416666667      -0.123225943148352     
   2.40466333333333        6.90965708333333      -0.113013875246210     
   2.40466333333333        7.20999000000000      -0.104200088824862     
   2.70499625000000       2.000000000000000E-003 -0.371424185207611     
   2.70499625000000       0.302332916666667      -0.413189765512905     
   2.70499625000000       0.602665833333333      -0.462083994775117     
   2.70499625000000       0.902998750000000      -0.508681804007352     
   2.70499625000000        1.20333166666667      -0.544222625741042     
   2.70499625000000        1.50366458333333      -0.566201221523969     
   2.70499625000000        1.80399750000000      -0.568146111410807     
   2.70499625000000        2.10433041666667      -0.548527313320187     
   2.70499625000000        2.40466333333333      -0.512369990461811     
   2.70499625000000        2.70499625000000      -0.468229150283279     
   2.70499625000000        3.00532916666667      -0.423756072751566     
   2.70499625000000        3.30566208333333      -0.382870218479878     
   2.70499625000000        3.60599500000000      -0.345870287812742     
   2.70499625000000        3.90632791666667      -0.311548516386920     
   2.70499625000000        4.20666083333333      -0.279269222518898     
   2.70499625000000        4.50699375000000      -0.249639750201053     
   2.70499625000000        4.80732666666667      -0.223736596970396     
   2.70499625000000        5.10765958333333      -0.201955415397558     
   2.70499625000000        5.40799250000000      -0.183583918539300     
   2.70499625000000        5.70832541666667      -0.167354478393520     
   2.70499625000000        6.00865833333333      -0.152374651990624     
   2.70499625000000        6.30899125000000      -0.138576639629632     
   2.70499625000000        6.60932416666667      -0.126328475694664     
   2.70499625000000        6.90965708333333      -0.115798016707140     
   2.70499625000000        7.20999000000000      -0.106740286629082     
   3.00532916666667       2.000000000000000E-003 -0.422282780508542     
   3.00532916666667       0.302332916666667      -0.470418819577987     
   3.00532916666667       0.602665833333333      -0.528145408838960     
   3.00532916666667       0.902998750000000      -0.582619295216911     
   3.00532916666667        1.20333166666667      -0.613850722762897     
   3.00532916666667        1.50366458333333      -0.630792642055440     
   3.00532916666667        1.80399750000000      -0.628355617573525     
   3.00532916666667        2.10433041666667      -0.601913178580483     
   3.00532916666667        2.40466333333333      -0.556526726814776     
   3.00532916666667        2.70499625000000      -0.502424566999743     
   3.00532916666667        3.00532916666667      -0.449157536088001     
   3.00532916666667        3.30566208333333      -0.401767875649936     
   3.00532916666667        3.60599500000000      -0.360513132117481     
   3.00532916666667        3.90632791666667      -0.323403945582155     
   3.00532916666667        4.20666083333333      -0.289049301494958     
   3.00532916666667        4.50699375000000      -0.257638484510256     
   3.00532916666667        4.80732666666667      -0.230143846731124     
   3.00532916666667        5.10765958333333      -0.207050988663928     
   3.00532916666667        5.40799250000000      -0.187740734750044     
   3.00532916666667        5.70832541666667      -0.170922884440400     
   3.00532916666667        6.00865833333333      -0.155609433354148     
   3.00532916666667        6.30899125000000      -0.141692853004367     
   3.00532916666667        6.60932416666667      -0.129394794060456     
   3.00532916666667        6.90965708333333      -0.118767768962857     
   3.00532916666667        7.20999000000000      -0.109643403814053     
   3.30566208333333       2.000000000000000E-003 -0.458275341183013     
   3.30566208333333       0.302332916666667      -0.515140811516117     
   3.30566208333333       0.602665833333333      -0.581932923359757     
   3.30566208333333       0.902998750000000      -0.641745031478276     
   3.30566208333333        1.20333166666667      -0.670421806210201     
   3.30566208333333        1.50366458333333      -0.677724543940538     
   3.30566208333333        1.80399750000000      -0.670567012655150     
   3.30566208333333        2.10433041666667      -0.638856926353996     
   3.30566208333333        2.40466333333333      -0.586832176963102     
   3.30566208333333        2.70499625000000      -0.525670374448254     
   3.30566208333333        3.00532916666667      -0.466221829351401     
   3.30566208333333        3.30566208333333      -0.414333619777892     
   3.30566208333333        3.60599500000000      -0.370169927176760     
   3.30566208333333        3.90632791666667      -0.331103471240923     
   3.30566208333333        4.20666083333333      -0.295292379635461     
   3.30566208333333        4.50699375000000      -0.262695234142415     
   3.30566208333333        4.80732666666667      -0.234180817604570     
   3.30566208333333        5.10765958333333      -0.210261056735424     
   3.30566208333333        5.40799250000000      -0.190372445853665     
   3.30566208333333        5.70832541666667      -0.173220659563182     
   3.30566208333333        6.00865833333333      -0.157769569846710     
   3.30566208333333        6.30899125000000      -0.143977623373024     
   3.30566208333333        6.60932416666667      -0.131802532857744     
   3.30566208333333        6.90965708333333      -0.121199145559068     
   3.30566208333333        7.20999000000000      -0.112020065411450     
   3.60599500000000       2.000000000000000E-003 -0.460454108032022     
   3.60599500000000       0.302332916666667      -0.530166125904881     
   3.60599500000000       0.602665833333333      -0.602701674097195     
   3.60599500000000       0.902998750000000      -0.664624322571840     
   3.60599500000000        1.20333166666667      -0.692561733026825     
   3.60599500000000        1.50366458333333      -0.695129862307451     
   3.60599500000000        1.80399750000000      -0.685818855096224     
   3.60599500000000        2.10433041666667      -0.652097723943858     
   3.60599500000000        2.40466333333333      -0.597647881782142     
   3.60599500000000        2.70499625000000      -0.533933660577672     
   3.60599500000000        3.00532916666667      -0.472269039131979     
   3.60599500000000        3.30566208333333      -0.418796728529940     
   3.60599500000000        3.60599500000000      -0.373615266475699     
   3.60599500000000        3.90632791666667      -0.333820852893957     
   3.60599500000000        4.20666083333333      -0.297456759682938     
   3.60599500000000        4.50699375000000      -0.264429458234902     
   3.60599500000000        4.80732666666667      -0.235560053037195     
   3.60599500000000        5.10765958333333      -0.211358414398358     
   3.60599500000000        5.40799250000000      -0.191276109414230     
   3.60599500000000        5.70832541666667      -0.174018613278711     
   3.60599500000000        6.00865833333333      -0.158542831026178     
   3.60599500000000        6.30899125000000      -0.144843069934060     
   3.60599500000000        6.60932416666667      -0.132764205578140     
   3.60599500000000        6.90965708333333      -0.122383307171817     
   3.60599500000000        7.20999000000000      -0.114390484733116     
   3.90632791666667       2.000000000000000E-003 -0.458299646832860     
   3.90632791666667       0.302332916666667      -0.515090994243760     
   3.90632791666667       0.602665833333333      -0.581876694634318     
   3.90632791666667       0.902998750000000      -0.641706640993013     
   3.90632791666667        1.20333166666667      -0.670401505887944     
   3.90632791666667        1.50366458333333      -0.677713821501264     
   3.90632791666667        1.80399750000000      -0.670560297309144     
   3.90632791666667        2.10433041666667      -0.638852487749808     
   3.90632791666667        2.40466333333333      -0.586829139584509     
   3.90632791666667        2.70499625000000      -0.525667835790477     
   3.90632791666667        3.00532916666667      -0.466219150078895     
   3.90632791666667        3.30566208333333      -0.414330521178152     
   3.90632791666667        3.60599500000000      -0.370166332415766     
   3.90632791666667        3.90632791666667      -0.331099667113401     
   3.90632791666667        4.20666083333333      -0.295288657690989     
   3.90632791666667        4.50699375000000      -0.262692074326705     
   3.90632791666667        4.80732666666667      -0.234178733001010     
   3.90632791666667        5.10765958333333      -0.210260638268550     
   3.90632791666667        5.40799250000000      -0.190374353968994     
   3.90632791666667        5.70832541666667      -0.173225967690106     
   3.90632791666667        6.00865833333333      -0.157780784552703     
   3.90632791666667        6.30899125000000      -0.143998992584475     
   3.90632791666667        6.60932416666667      -0.131836530507461     
   3.90632791666667        6.90965708333333      -0.121239169463621     
   3.90632791666667        7.20999000000000      -0.112043745353509     
   4.20666083333333       2.000000000000000E-003 -0.422330105562880     
   4.20666083333333       0.302332916666667      -0.470393071723269     
   4.20666083333333       0.602665833333333      -0.528092875961132     
   4.20666083333333       0.902998750000000      -0.582576865749658     
   4.20666083333333        1.20333166666667      -0.613827407489905     
   4.20666083333333        1.50366458333333      -0.630779444250173     
   4.20666083333333        1.80399750000000      -0.628347357163801     
   4.20666083333333        2.10433041666667      -0.601907654698272     
   4.20666083333333        2.40466333333333      -0.556522306677711     
   4.20666083333333        2.70499625000000      -0.502420050928391     
   4.20666083333333        3.00532916666667      -0.449152114964346     
   4.20666083333333        3.30566208333333      -0.401761391278682     
   4.20666083333333        3.60599500000000      -0.360505809371248     
   4.20666083333333        3.90632791666667      -0.323396298028602     
   4.20666083333333        4.20666083333333      -0.289041839498148     
   4.20666083333333        4.50699375000000      -0.257631856641023     
   4.20666083333333        4.80732666666667      -0.230138888205596     
   4.20666083333333        5.10765958333333      -0.207048732256455     
   4.20666083333333        5.40799250000000      -0.187742424864828     
   4.20666083333333        5.70832541666667      -0.170930145469414     
   4.20666083333333        6.00865833333333      -0.155625273350079     
   4.20666083333333        6.30899125000000      -0.141722759890185     
   4.20666083333333        6.60932416666667      -0.129440305381033     
   4.20666083333333        6.90965708333333      -0.118820332015884     
   4.20666083333333        7.20999000000000      -0.109684027694186     
   4.50699375000000       2.000000000000000E-003 -0.371471428807484     
   4.50699375000000       0.302332916666667      -0.413193233077303     
   4.50699375000000       0.602665833333333      -0.462062247780314     
   4.50699375000000       0.902998750000000      -0.508661038882563     
   4.50699375000000        1.20333166666667      -0.544210487330083     
   4.50699375000000        1.50366458333333      -0.566194951521734     
   4.50699375000000        1.80399750000000      -0.568142833860814     
   4.50699375000000        2.10433041666667      -0.548524613284896     
   4.50699375000000        2.40466333333333      -0.512365946856952     
   4.50699375000000        2.70499625000000      -0.468222711202195     
   4.50699375000000        3.00532916666667      -0.423747202010186     
   4.50699375000000        3.30566208333333      -0.382859668650888     
   4.50699375000000        3.60599500000000      -0.345859032140361     
   4.50699375000000        3.90632791666667      -0.311537258861598     
   4.50699375000000        4.20666083333333      -0.279258336901895     
   4.50699375000000        4.50699375000000      -0.249629557721348     
   4.50699375000000        4.80732666666667      -0.223727862356667     
   4.50699375000000        5.10765958333333      -0.201949432900819     
   4.50699375000000        5.40799250000000      -0.183582402158987     
   4.50699375000000        5.70832541666667      -0.167359280387466     
   4.50699375000000        6.00865833333333      -0.152388035289486     
   4.50699375000000        6.30899125000000      -0.138601838902598     
   4.50699375000000        6.60932416666667      -0.126366775251063     
   4.50699375000000        6.90965708333333      -0.115842297105550     
   4.50699375000000        7.20999000000000      -0.106778454470947     
   4.80732666666667       2.000000000000000E-003 -0.325672560537748     
   4.80732666666667       0.302332916666667      -0.361028486489440     
   4.80732666666667       0.602665833333333      -0.400818238672506     
   4.80732666666667       0.902998750000000      -0.440605970306874     
   4.80732666666667        1.20333166666667      -0.474428074971563     
   4.80732666666667        1.50366458333333      -0.496032379462251     
   4.80732666666667        1.80399750000000      -0.500664169087719     
   4.80732666666667        2.10433041666667      -0.487782420565353     
   4.80732666666667        2.40466333333333      -0.461470909309248     
   4.80732666666667        2.70499625000000      -0.428114231732602     
   4.80732666666667        3.00532916666667      -0.393209825264752     
   4.80732666666667        3.30566208333333      -0.359497828847569     
   4.80732666666667        3.60599500000000      -0.327318026350184     
   4.80732666666667        3.90632791666667      -0.296259243595305     
   4.80732666666667        4.20666083333333      -0.266526053060830     
   4.80732666666667        4.50699375000000      -0.239181365651091     
   4.80732666666667        4.80732666666667      -0.215348611615204     
   4.80732666666667        5.10765958333333      -0.195276047547856     
   4.80732666666667        5.40799250000000      -0.178157118835747     
   4.80732666666667        5.70832541666667      -0.162788620321183     
   4.80732666666667        6.00865833333333      -0.148425392674901     
   4.80732666666667        6.30899125000000      -0.135104527904366     
   4.80732666666667        6.60932416666667      -0.123250349790536     
   4.80732666666667        6.90965708333333      -0.113043986367685     
   4.80732666666667        7.20999000000000      -0.104229669435899     
   5.10765958333333       2.000000000000000E-003 -0.290161570431455     
   5.10765958333333       0.302332916666667      -0.319259563801142     
   5.10765958333333       0.602665833333333      -0.351096460362875     
   5.10765958333333       0.902998750000000      -0.383367506280647     
   5.10765958333333        1.20333166666667      -0.411149028554996     
   5.10765958333333        1.50366458333333      -0.429498755960606     
   5.10765958333333        1.80399750000000      -0.435113885725602     
   5.10765958333333        2.10433041666667      -0.427754974812343     
   5.10765958333333        2.40466333333333      -0.410203450205517     
   5.10765958333333        2.70499625000000      -0.386609973850870     
   5.10765958333333        3.00532916666667      -0.360434391352925     
   5.10765958333333        3.30566208333333      -0.333397926986127     
   5.10765958333333        3.60599500000000      -0.305928836913294     
   5.10765958333333        3.90632791666667      -0.278324610535240     
   5.10765958333333        4.20666083333333      -0.251505391630826     
   5.10765958333333        4.50699375000000      -0.226861980660151     
   5.10765958333333        4.80732666666667      -0.205460208022930     
   5.10765958333333        5.10765958333333      -0.187370073645901     
   5.10765958333333        5.40799250000000      -0.171731428066893     
   5.10765958333333        5.70832541666667      -0.157465114148313     
   5.10765958333333        6.00865833333333      -0.144001916418536     
   5.10765958333333        6.30899125000000      -0.131462172766923     
   5.10765958333333        6.60932416666667      -0.120258203488617     
   5.10765958333333        6.90965708333333      -0.110606506790641     
   5.10765958333333        7.20999000000000      -0.102196793053815     
   5.40799250000000       2.000000000000000E-003 -0.264209688485217     
   5.40799250000000       0.302332916666667      -0.287654875550047     
   5.40799250000000       0.602665833333333      -0.312466794425006     
   5.40799250000000       0.902998750000000      -0.337050334404410     
   5.40799250000000        1.20333166666667      -0.358104228790066     
   5.40799250000000        1.50366458333333      -0.372151663238039     
   5.40799250000000        1.80399750000000      -0.377353291599901     
   5.40799250000000        2.10433041666667      -0.373704401517359     
   5.40799250000000        2.40466333333333      -0.362765278097500     
   5.40799250000000        2.70499625000000      -0.346770849547249     
   5.40799250000000        3.00532916666667      -0.327535015956922     
   5.40799250000000        3.30566208333333      -0.306023612499130     
   5.40799250000000        3.60599500000000      -0.282785012241859     
   5.40799250000000        3.90632791666667      -0.258655217087084     
   5.40799250000000        4.20666083333333      -0.235010910490748     
   5.40799250000000        4.50699375000000      -0.213350531797939     
   5.40799250000000        4.80732666666667      -0.194575522828391     
   5.40799250000000        5.10765958333333      -0.178589966008055     
   5.40799250000000        5.40799250000000      -0.164558767451894     
   5.40799250000000        5.70832541666667      -0.151596415347050     
   5.40799250000000        6.00865833333333      -0.139317217885108     
   5.40799250000000        6.30899125000000      -0.127873915577834     
   5.40799250000000        6.60932416666667      -0.117597275439053     
   5.40799250000000        6.90965708333333      -0.108594268646585     
   5.40799250000000        7.20999000000000      -0.100584809530202     
   5.70832541666667       2.000000000000000E-003 -0.246314017374331     
   5.70832541666667       0.302332916666667      -0.264995739162969     
   5.70832541666667       0.602665833333333      -0.283442015497193     
   5.70832541666667       0.902998750000000      -0.301171747312949     
   5.70832541666667        1.20333166666667      -0.316114124633462     
   5.70832541666667        1.50366458333333      -0.325902780997528     
   5.70832541666667        1.80399750000000      -0.329565112267454     
   5.70832541666667        2.10433041666667      -0.327698186160906     
   5.70832541666667        2.40466333333333      -0.320939192942367     
   5.70832541666667        2.70499625000000      -0.310086444131903     
   5.70832541666667        3.00532916666667      -0.295804752939997     
   5.70832541666667        3.30566208333333      -0.278574037863000     
   5.70832541666667        3.60599500000000      -0.259038780136374     
   5.70832541666667        3.90632791666667      -0.238339088607545     
   5.70832541666667        4.20666083333333      -0.218005854208356     
   5.70832541666667        4.50699375000000      -0.199422301511479     
   5.70832541666667        4.80732666666667      -0.183258655541926     
   5.70832541666667        5.10765958333333      -0.169314745368464     
   5.70832541666667        5.40799250000000      -0.156887236306796     
   5.70832541666667        5.70832541666667      -0.145370791741522     
   5.70832541666667        6.00865833333333      -0.134522641642538     
   5.70832541666667        6.30899125000000      -0.124379263348379     
   5.70832541666667        6.60932416666667      -0.115176476410477     
   5.70832541666667        6.90965708333333      -0.106943203530433     
   5.70832541666667        7.20999000000000      -9.935009370723982E-002
   6.00865833333333       2.000000000000000E-003 -0.235137768959039     
   6.00865833333333       0.302332916666667      -0.249089745530790     
   6.00865833333333       0.602665833333333      -0.261138833361197     
   6.00865833333333       0.902998750000000      -0.272825269698114     
   6.00865833333333        1.20333166666667      -0.282716691012658     
   6.00865833333333        1.50366458333333      -0.288974049462246     
   6.00865833333333        1.80399750000000      -0.290953054944199     
   6.00865833333333        2.10433041666667      -0.289361571862893     
   6.00865833333333        2.40466333333333      -0.284757448327594     
   6.00865833333333        2.70499625000000      -0.276999840728660     
   6.00865833333333        3.00532916666667      -0.266064104473481     
   6.00865833333333        3.30566208333333      -0.252139715857920     
   6.00865833333333        3.60599500000000      -0.235888948044726     
   6.00865833333333        3.90632791666667      -0.218539450669097     
   6.00865833333333        4.20666083333333      -0.201496404659262     
   6.00865833333333        4.50699375000000      -0.185862629682320     
   6.00865833333333        4.80732666666667      -0.172067692077078     
   6.00865833333333        5.10765958333333      -0.159910590383409     
   6.00865833333333        5.40799250000000      -0.148940204304363     
   6.00865833333333        5.70832541666667      -0.138913423381634     
   6.00865833333333        6.00865833333333      -0.129522443490183     
   6.00865833333333        6.30899125000000      -0.120730700411283     
   6.00865833333333        6.60932416666667      -0.112699518431046     
   6.00865833333333        6.90965708333333      -0.105404528996110     
   6.00865833333333        7.20999000000000      -9.835384517408134E-002
   6.30899125000000       2.000000000000000E-003 -0.228999280389172     
   6.30899125000000       0.302332916666667      -0.236519860564248     
   6.30899125000000       0.602665833333333      -0.241555266628678     
   6.30899125000000       0.902998750000000      -0.248723537454906     
   6.30899125000000        1.20333166666667      -0.255009308371375     
   6.30899125000000        1.50366458333333      -0.258439967779676     
   6.30899125000000        1.80399750000000      -0.258921300061411     
   6.30899125000000        2.10433041666667      -0.257125080763632     
   6.30899125000000        2.40466333333333      -0.253492328555599     
   6.30899125000000        2.70499625000000      -0.247565089610219     
   6.30899125000000        3.00532916666667      -0.238931144234434     
   6.30899125000000        3.30566208333333      -0.227463748550081     
   6.30899125000000        3.60599500000000      -0.214033074719746     
   6.30899125000000        3.90632791666667      -0.200071427623640     
   6.30899125000000        4.20666083333333      -0.186329017996449     
   6.30899125000000        4.50699375000000      -0.173313207793462     
   6.30899125000000        4.80732666666667      -0.161447110442140     
   6.30899125000000        5.10765958333333      -0.150659431721086     
   6.30899125000000        5.40799250000000      -0.140940767446255     
   6.30899125000000        5.70832541666667      -0.132264446148788     
   6.30899125000000        6.00865833333333      -0.124258516131054     
   6.30899125000000        6.30899125000000      -0.116757634181669     
   6.30899125000000        6.60932416666667      -0.109835900447579     
   6.30899125000000        6.90965708333333      -0.103631829116784     
   6.30899125000000        7.20999000000000      -9.741901926278326E-002
   6.60932416666667       2.000000000000000E-003 -0.224027276806671     
   6.60932416666667       0.302332916666667      -0.221067418652744     
   6.60932416666667       0.602665833333333      -0.221070397646234     
   6.60932416666667       0.902998750000000      -0.227190901396892     
   6.60932416666667        1.20333166666667      -0.231219724698777     
   6.60932416666667        1.50366458333333      -0.232293326996066     
   6.60932416666667        1.80399750000000      -0.231406964307765     
   6.60932416666667        2.10433041666667      -0.229391284530426     
   6.60932416666667        2.40466333333333      -0.226409478974373     
   6.60932416666667        2.70499625000000      -0.221833858044448     
   6.60932416666667        3.00532916666667      -0.215095994557906     
   6.60932416666667        3.30566208333333      -0.205608952286103     
   6.60932416666667        3.60599500000000      -0.194728664389336     
   6.60932416666667        3.90632791666667      -0.184336242359692     
   6.60932416666667        4.20666083333333      -0.173640116658440     
   6.60932416666667        4.50699375000000      -0.162354524275449     
   6.60932416666667        4.80732666666667      -0.151631928789856     
   6.60932416666667        5.10765958333333      -0.141715345511309     
   6.60932416666667        5.40799250000000      -0.133026332142735     
   6.60932416666667        5.70832541666667      -0.125532384822835     
   6.60932416666667        6.00865833333333      -0.118865660643128     
   6.60932416666667        6.30899125000000      -0.112638502824723     
   6.60932416666667        6.60932416666667      -0.106559910764564     
   6.60932416666667        6.90965708333333      -0.101219248849346     
   6.60932416666667        7.20999000000000      -9.637538803805626E-002
   6.90965708333333       2.000000000000000E-003 -0.209753875092121     
   6.90965708333333       0.302332916666667      -0.200691395508342     
   6.90965708333333       0.602665833333333      -0.204698093796450     
   6.90965708333333       0.902998750000000      -0.209947881974623     
   6.90965708333333        1.20333166666667      -0.210789195634065     
   6.90965708333333        1.50366458333333      -0.209453451508065     
   6.90965708333333        1.80399750000000      -0.207409761244248     
   6.90965708333333        2.10433041666667      -0.205304003366605     
   6.90965708333333        2.40466333333333      -0.203042776618552     
   6.90965708333333        2.70499625000000      -0.200070794930770     
   6.90965708333333        3.00532916666667      -0.195822271426725     
   6.90965708333333        3.30566208333333      -0.189096840331173     
   6.90965708333333        3.60599500000000      -0.181008342152932     
   6.90965708333333        3.90632791666667      -0.173400620137590     
   6.90965708333333        4.20666083333333      -0.164246328113555     
   6.90965708333333        4.50699375000000      -0.153240634607700     
   6.90965708333333        4.80732666666667      -0.142576367870047     
   6.90965708333333        5.10765958333333      -0.133148290069592     
   6.90965708333333        5.40799250000000      -0.125254599877953     
   6.90965708333333        5.70832541666667      -0.118828967666945     
   6.90965708333333        6.00865833333333      -0.113529054478791     
   6.90965708333333        6.30899125000000      -0.108909186283440     
   6.90965708333333        6.60932416666667      -0.104125827515090     
   6.90965708333333        6.90965708333333      -9.882252742551216E-002
   6.90965708333333        7.20999000000000      -9.512632192341540E-002
   7.20999000000000       2.000000000000000E-003 -0.188936682210379     
   7.20999000000000       0.302332916666667      -0.196598434444233     
   7.20999000000000       0.602665833333333      -0.198044469012217     
   7.20999000000000       0.902998750000000      -0.195418813974200     
   7.20999000000000        1.20333166666667      -0.192105695574634     
   7.20999000000000        1.50366458333333      -0.189022061866215     
   7.20999000000000        1.80399750000000      -0.186431582172642     
   7.20999000000000        2.10433041666667      -0.184489837936683     
   7.20999000000000        2.40466333333333      -0.183048416013883     
   7.20999000000000        2.70499625000000      -0.181810393100555     
   7.20999000000000        3.00532916666667      -0.180386439228156     
   7.20999000000000        3.30566208333333      -0.176981198989689     
   7.20999000000000        3.60599500000000      -0.171907452990690     
   7.20999000000000        3.90632791666667      -0.164176983503987     
   7.20999000000000        4.20666083333333      -0.155473763035485     
   7.20999000000000        4.50699375000000      -0.144378575361586     
   7.20999000000000        4.80732666666667      -0.133759945198734     
   7.20999000000000        5.10765958333333      -0.124756355455999     
   7.20999000000000        5.40799250000000      -0.117636844007800     
   7.20999000000000        5.70832541666667      -0.112146530382367     
   7.20999000000000        6.00865833333333      -0.108006963274157     
   7.20999000000000        6.30899125000000      -0.104941225408311     
   7.20999000000000        6.60932416666667      -0.102338666241683     
   7.20999000000000        6.90965708333333      -9.819148097400161E-002
   7.20999000000000        7.20999000000000      -9.209736624505392E-002
