  2.000000000000000E-003  2.000000000000000E-003  -2.15052689348761     
  2.000000000000000E-003  0.302332916666667       -2.13376875943718     
  2.000000000000000E-003  0.602665833333333       -1.78679756778434     
  2.000000000000000E-003  0.902998750000000       -1.34172723888786     
  2.000000000000000E-003   1.20333166666667      -0.989984378337474     
  2.000000000000000E-003   1.50366458333333      -0.740513205450471     
  2.000000000000000E-003   1.80399750000000      -0.568354097555499     
  2.000000000000000E-003   2.10433041666667      -0.451822880978331     
  2.000000000000000E-003   2.40466333333333      -0.373437281063141     
  2.000000000000000E-003   2.70499625000000      -0.321775596821999     
  2.000000000000000E-003   3.00532916666667      -0.287546927546860     
  2.000000000000000E-003   3.30566208333333      -0.256406120001142     
  2.000000000000000E-003   3.60599500000000      -0.229662519944812     
  2.000000000000000E-003   3.90632791666667      -0.201066669525037     
  2.000000000000000E-003   4.20666083333333      -0.178439304361601     
  2.000000000000000E-003   4.50699375000000      -0.161767754783178     
  2.000000000000000E-003   4.80732666666667      -0.147550960609843     
  2.000000000000000E-003   5.10765958333333      -0.134635838650971     
  2.000000000000000E-003   5.40799250000000      -0.122642716266150     
  2.000000000000000E-003   5.70832541666667      -0.110640191343952     
  2.000000000000000E-003   6.00865833333333      -9.842596802407400E-002
  2.000000000000000E-003   6.30899125000000      -8.638760323197618E-002
  2.000000000000000E-003   6.60932416666667      -7.573898558874143E-002
  2.000000000000000E-003   6.90965708333333      -6.919884504399716E-002
  2.000000000000000E-003   7.20999000000000      -6.673765051994900E-002
  0.302332916666667       2.000000000000000E-003  -2.13375677956246     
  0.302332916666667       0.302332916666667       -1.93252321768278     
  0.302332916666667       0.602665833333333       -1.61098305540569     
  0.302332916666667       0.902998750000000       -1.24880106789942     
  0.302332916666667        1.20333166666667      -0.943464968158545     
  0.302332916666667        1.50366458333333      -0.716511947911897     
  0.302332916666667        1.80399750000000      -0.555641944457247     
  0.302332916666667        2.10433041666667      -0.445040142365106     
  0.302332916666667        2.40466333333333      -0.369625119737178     
  0.302332916666667        2.70499625000000      -0.318836032813248     
  0.302332916666667        3.00532916666667      -0.284823411165057     
  0.302332916666667        3.30566208333333      -0.254804922852427     
  0.302332916666667        3.60599500000000      -0.224273012595059     
  0.302332916666667        3.90632791666667      -0.197953843550487     
  0.302332916666667        4.20666083333333      -0.177028866288168     
  0.302332916666667        4.50699375000000      -0.160801671751290     
  0.302332916666667        4.80732666666667      -0.146801773671017     
  0.302332916666667        5.10765958333333      -0.134163783755164     
  0.302332916666667        5.40799250000000      -0.122413764821528     
  0.302332916666667        5.70832541666667      -0.110746793417449     
  0.302332916666667        6.00865833333333      -9.917037138265725E-002
  0.302332916666667        6.30899125000000      -8.842407011420350E-002
  0.302332916666667        6.60932416666667      -8.013887853399930E-002
  0.302332916666667        6.90965708333333      -7.440188778350930E-002
  0.302332916666667        7.20999000000000      -6.466168559877115E-002
  0.602665833333333       2.000000000000000E-003  -1.78678370249355     
  0.602665833333333       0.302332916666667       -1.61097561933835     
  0.602665833333333       0.602665833333333       -1.32449574800341     
  0.602665833333333       0.902998750000000       -1.06147131464402     
  0.602665833333333        1.20333166666667      -0.835839656921219     
  0.602665833333333        1.50366458333333      -0.656590877144973     
  0.602665833333333        1.80399750000000      -0.522283660318649     
  0.602665833333333        2.10433041666667      -0.426104512611459     
  0.602665833333333        2.40466333333333      -0.358405261079910     
  0.602665833333333        2.70499625000000      -0.310326439104110     
  0.602665833333333        3.00532916666667      -0.276866803532553     
  0.602665833333333        3.30566208333333      -0.248486129154583     
  0.602665833333333        3.60599500000000      -0.220136201718499     
  0.602665833333333        3.90632791666667      -0.194656851066221     
  0.602665833333333        4.20666083333333      -0.174529847162729     
  0.602665833333333        4.50699375000000      -0.158661292281584     
  0.602665833333333        4.80732666666667      -0.145002774660763     
  0.602665833333333        5.10765958333333      -0.132902646851126     
  0.602665833333333        5.40799250000000      -0.121640919390646     
  0.602665833333333        5.70832541666667      -0.110694713678741     
  0.602665833333333        6.00865833333333      -0.100266886939721     
  0.602665833333333        6.30899125000000      -9.105247236832448E-002
  0.602665833333333        6.60932416666667      -8.342514026439463E-002
  0.602665833333333        6.90965708333333      -7.488682348087816E-002
  0.602665833333333        7.20999000000000      -6.496313494294335E-002
  0.902998750000000       2.000000000000000E-003  -1.34172099990792     
  0.902998750000000       0.302332916666667       -1.24879703640809     
  0.902998750000000       0.602665833333333       -1.06147056752031     
  0.902998750000000       0.902998750000000      -0.876107609242444     
  0.902998750000000        1.20333166666667      -0.715304175252357     
  0.902998750000000        1.50366458333333      -0.582337853513679     
  0.902998750000000        1.80399750000000      -0.477659266563600     
  0.902998750000000        2.10433041666667      -0.399147050949394     
  0.902998750000000        2.40466333333333      -0.340807555669018     
  0.902998750000000        2.70499625000000      -0.297611543854756     
  0.902998750000000        3.00532916666667      -0.265618836359057     
  0.902998750000000        3.30566208333333      -0.238959666878241     
  0.902998750000000        3.60599500000000      -0.213745011645178     
  0.902998750000000        3.90632791666667      -0.190693674902193     
  0.902998750000000        4.20666083333333      -0.171531992265719     
  0.902998750000000        4.50699375000000      -0.155985305523225     
  0.902998750000000        4.80732666666667      -0.142699056698540     
  0.902998750000000        5.10765958333333      -0.130998922368952     
  0.902998750000000        5.40799250000000      -0.120252879393321     
  0.902998750000000        5.70832541666667      -0.109974320805786     
  0.902998750000000        6.00865833333333      -0.100357762419341     
  0.902998750000000        6.30899125000000      -9.170246150870343E-002
  0.902998750000000        6.60932416666667      -8.370479675826395E-002
  0.902998750000000        6.90965708333333      -7.529153748520852E-002
  0.902998750000000        7.20999000000000      -6.767300948427291E-002
   1.20333166666667       2.000000000000000E-003 -0.989985236191677     
   1.20333166666667       0.302332916666667      -0.943466252785489     
   1.20333166666667       0.602665833333333      -0.835841445024044     
   1.20333166666667       0.902998750000000      -0.715305495635022     
   1.20333166666667        1.20333166666667      -0.604180923125694     
   1.20333166666667        1.50366458333333      -0.508532376423555     
   1.20333166666667        1.80399750000000      -0.430023029917066     
   1.20333166666667        2.10433041666667      -0.367959421611239     
   1.20333166666667        2.40466333333333      -0.319494907947101     
   1.20333166666667        2.70499625000000      -0.282129357479374     
   1.20333166666667        3.00532916666667      -0.252815913327439     
   1.20333166666667        3.30566208333333      -0.228233006251958     
   1.20333166666667        3.60599500000000      -0.205832627650726     
   1.20333166666667        3.90632791666667      -0.185421868478010     
   1.20333166666667        4.20666083333333      -0.167774715675312     
   1.20333166666667        4.50699375000000      -0.152809340194183     
   1.20333166666667        4.80732666666667      -0.139956374162475     
   1.20333166666667        5.10765958333333      -0.128620538707849     
   1.20333166666667        5.40799250000000      -0.118262738177789     
   1.20333166666667        5.70832541666667      -0.108476650921033     
   1.20333166666667        6.00865833333333      -9.934335373280270E-002
   1.20333166666667        6.30899125000000      -9.099387865676691E-002
   1.20333166666667        6.60932416666667      -8.322825141389058E-002
   1.20333166666667        6.90965708333333      -7.582002974652587E-002
   1.20333166666667        7.20999000000000      -6.943073875633014E-002
   1.50366458333333       2.000000000000000E-003 -0.740518866728045     
   1.50366458333333       0.302332916666667      -0.716517335883485     
   1.50366458333333       0.602665833333333      -0.656595409655274     
   1.50366458333333       0.902998750000000      -0.582340940767536     
   1.50366458333333        1.20333166666667      -0.508533774352028     
   1.50366458333333        1.50366458333333      -0.441675159122555     
   1.50366458333333        1.80399750000000      -0.384138184636304     
   1.50366458333333        2.10433041666667      -0.336070929059704     
   1.50366458333333        2.40466333333333      -0.297038988767328     
   1.50366458333333        2.70499625000000      -0.265632350688637     
   1.50366458333333        3.00532916666667      -0.239809121107224     
   1.50366458333333        3.30566208333333      -0.217539219627270     
   1.50366458333333        3.60599500000000      -0.197470092475593     
   1.50366458333333        3.90632791666667      -0.179254712753781     
   1.50366458333333        4.20666083333333      -0.163089188794807     
   1.50366458333333        4.50699375000000      -0.149018642761754     
   1.50366458333333        4.80732666666667      -0.136752567249824     
   1.50366458333333        5.10765958333333      -0.125821157967587     
   1.50366458333333        5.40799250000000      -0.115785751989620     
   1.50366458333333        5.70832541666667      -0.106383789621356     
   1.50366458333333        6.00865833333333      -9.761274340085982E-002
   1.50366458333333        6.30899125000000      -8.959838365406869E-002
   1.50366458333333        6.60932416666667      -8.229244467777734E-002
   1.50366458333333        6.90965708333333      -7.564080321242682E-002
   1.50366458333333        7.20999000000000      -6.983872292785016E-002
   1.80399750000000       2.000000000000000E-003 -0.568362522854100     
   1.80399750000000       0.302332916666667      -0.555649802473513     
   1.80399750000000       0.602665833333333      -0.522289993448491     
   1.80399750000000       0.902998750000000      -0.477663540511215     
   1.80399750000000        1.20333166666667      -0.430025244463641     
   1.80399750000000        1.50366458333333      -0.384138882177431     
   1.80399750000000        1.80399750000000      -0.342288298019001     
   1.80399750000000        2.10433041666667      -0.305894140589877     
   1.80399750000000        2.40466333333333      -0.275129227124589     
   1.80399750000000        2.70499625000000      -0.249210531716137     
   1.80399750000000        3.00532916666667      -0.226907917397667     
   1.80399750000000        3.30566208333333      -0.207070442616974     
   1.80399750000000        3.60599500000000      -0.189004235204725     
   1.80399750000000        3.90632791666667      -0.172539794957924     
   1.80399750000000        4.20666083333333      -0.157767986566151     
   1.80399750000000        4.50699375000000      -0.144695438835309     
   1.80399750000000        4.80732666666667      -0.133101613188563     
   1.80399750000000        5.10765958333333      -0.122627242398331     
   1.80399750000000        5.40799250000000      -0.112951376453446     
   1.80399750000000        5.70832541666667      -0.103910278244439     
   1.80399750000000        6.00865833333333      -9.549555770391122E-002
   1.80399750000000        6.30899125000000      -8.781303943096275E-002
   1.80399750000000        6.60932416666667      -8.089657657512213E-002
   1.80399750000000        6.90965708333333      -7.470090623207117E-002
   1.80399750000000        7.20999000000000      -6.923869796119726E-002
   2.10433041666667       2.000000000000000E-003 -0.451832424608022     
   2.10433041666667       0.302332916666667      -0.445048928783617     
   2.10433041666667       0.602665833333333      -0.426111405860243     
   2.10433041666667       0.902998750000000      -0.399151488562171     
   2.10433041666667        1.20333166666667      -0.367961666397453     
   2.10433041666667        1.50366458333333      -0.336071689565702     
   2.10433041666667        1.80399750000000      -0.305894218193727     
   2.10433041666667        2.10433041666667      -0.278650087992922     
   2.10433041666667        2.40466333333333      -0.254576222562993     
   2.10433041666667        2.70499625000000      -0.233271289444501     
   2.10433041666667        3.00532916666667      -0.214097532288860     
   2.10433041666667        3.30566208333333      -0.196523709560768     
   2.10433041666667        3.60599500000000      -0.180300581698352     
   2.10433041666667        3.90632791666667      -0.165428075231808     
   2.10433041666667        4.20666083333333      -0.151977105970472     
   2.10433041666667        4.50699375000000      -0.139910939349722     
   2.10433041666667        4.80732666666667      -0.129033658530519     
   2.10433041666667        5.10765958333333      -0.119076542501872     
   2.10433041666667        5.40799250000000      -0.109828436017446     
   2.10433041666667        5.70832541666667      -0.101205084295748     
   2.10433041666667        6.00865833333333      -9.321809140371071E-002
   2.10433041666667        6.30899125000000      -8.589192679692964E-002
   2.10433041666667        6.60932416666667      -7.922648065989289E-002
   2.10433041666667        6.90965708333333      -7.326451132977764E-002
   2.10433041666667        7.20999000000000      -6.801598157059069E-002
   2.40466333333333       2.000000000000000E-003 -0.373446755528951     
   2.40466333333333       0.302332916666667      -0.369633774361489     
   2.40466333333333       0.602665833333333      -0.358411791934694     
   2.40466333333333       0.902998750000000      -0.340811621098557     
   2.40466333333333        1.20333166666667      -0.319496861853183     
   2.40466333333333        1.50366458333333      -0.297039538004363     
   2.40466333333333        1.80399750000000      -0.275129136186672     
   2.40466333333333        2.10433041666667      -0.254576062744522     
   2.40466333333333        2.40466333333333      -0.235550270688199     
   2.40466333333333        2.70499625000000      -0.217883360167461     
   2.40466333333333        3.00532916666667      -0.201345299770174     
   2.40466333333333        3.30566208333333      -0.185818528604235     
   2.40466333333333        3.60599500000000      -0.171330118503760     
   2.40466333333333        3.90632791666667      -0.157973650175575     
   2.40466333333333        4.20666083333333      -0.145796396232523     
   2.40466333333333        4.50699375000000      -0.134729016300173     
   2.40466333333333        4.80732666666667      -0.124602470294327     
   2.40466333333333        5.10765958333333      -0.115232368625978     
   2.40466333333333        5.40799250000000      -0.106502540414417     
   2.40466333333333        5.70832541666667      -9.838560913707971E-002
   2.40466333333333        6.00865833333333      -9.088809792644677E-002
   2.40466333333333        6.30899125000000      -8.396788229088115E-002
   2.40466333333333        6.60932416666667      -7.752362676757114E-002
   2.40466333333333        6.90965708333333      -7.157628732344842E-002
   2.40466333333333        7.20999000000000      -6.646159773762281E-002
   2.70499625000000       2.000000000000000E-003 -0.321784876725194     
   2.70499625000000       0.302332916666667      -0.318844486721087     
   2.70499625000000       0.602665833333333      -0.310332642880646     
   2.70499625000000       0.902998750000000      -0.297615184918243     
   2.70499625000000        1.20333166666667      -0.282131018697149     
   2.70499625000000        1.50366458333333      -0.265632783045153     
   2.70499625000000        1.80399750000000      -0.249210418340566     
   2.70499625000000        2.10433041666667      -0.233271115827170     
   2.70499625000000        2.40466333333333      -0.217883317859014     
   2.70499625000000        2.70499625000000      -0.203016095698500     
   2.70499625000000        3.00532916666667      -0.188692452424307     
   2.70499625000000        3.30566208333333      -0.175030938181075     
   2.70499625000000        3.60599500000000      -0.162191701852046     
   2.70499625000000        3.90632791666667      -0.150288728475909     
   2.70499625000000        4.20666083333333      -0.139334802365113     
   2.70499625000000        4.50699375000000      -0.129245250249933     
   2.70499625000000        4.80732666666667      -0.119892475304508     
   2.70499625000000        5.10765958333333      -0.111174807711981     
   2.70499625000000        5.40799250000000      -0.103056149086894     
   2.70499625000000        5.70832541666667      -9.555024079236599E-002
   2.70499625000000        6.00865833333333      -8.864694733489545E-002
   2.70499625000000        6.30899125000000      -8.218958119478612E-002
   2.70499625000000        6.60932416666667      -7.593851543295244E-002
   2.70499625000000        6.90965708333333      -7.003664840802988E-002
   2.70499625000000        7.20999000000000      -6.503441907170696E-002
   3.00532916666667       2.000000000000000E-003 -0.287555856918757     
   3.00532916666667       0.302332916666667      -0.284831298203186     
   3.00532916666667       0.602665833333333      -0.276872308121007     
   3.00532916666667       0.902998750000000      -0.265622018763453     
   3.00532916666667        1.20333166666667      -0.252817491115687     
   3.00532916666667        1.50366458333333      -0.239809801069332     
   3.00532916666667        1.80399750000000      -0.226908196091989     
   3.00532916666667        2.10433041666667      -0.214097738952266     
   3.00532916666667        2.40466333333333      -0.201345546672987     
   3.00532916666667        2.70499625000000      -0.188692661488109     
   3.00532916666667        3.00532916666667      -0.176290684994760     
   3.00532916666667        3.30566208333333      -0.164355518220200     
   3.00532916666667        3.60599500000000      -0.153076038381695     
   3.00532916666667        3.90632791666667      -0.142541977385388     
   3.00532916666667        4.20666083333333      -0.132735400057922     
   3.00532916666667        4.50699375000000      -0.123578708114691     
   3.00532916666667        4.80732666666667      -0.114999441041109     
   3.00532916666667        5.10765958333333      -0.106973216230822     
   3.00532916666667        5.40799250000000      -9.952921574976661E-002
   3.00532916666667        5.70832541666667      -9.272116829198056E-002
   3.00532916666667        6.00865833333333      -8.656465938308738E-002
   3.00532916666667        6.30899125000000      -8.088643844339484E-002
   3.00532916666667        6.60932416666667      -7.523410305029911E-002
   3.00532916666667        6.90965708333333      -6.936340263015001E-002
   3.00532916666667        7.20999000000000      -6.427230040215325E-002
   3.30566208333333       2.000000000000000E-003 -0.256413994983308     
   3.30566208333333       0.302332916666667      -0.254811522758818     
   3.30566208333333       0.602665833333333      -0.248490619132119     
   3.30566208333333       0.902998750000000      -0.238962487373031     
   3.30566208333333        1.20333166666667      -0.228234823905003     
   3.30566208333333        1.50366458333333      -0.217540597454227     
   3.30566208333333        1.80399750000000      -0.207071569759658     
   3.30566208333333        2.10433041666667      -0.196524709751339     
   3.30566208333333        2.40466333333333      -0.185819405007731     
   3.30566208333333        2.70499625000000      -0.175031605310475     
   3.30566208333333        3.00532916666667      -0.164355875971225     
   3.30566208333333        3.30566208333333      -0.154017476713478     
   3.30566208333333        3.60599500000000      -0.144178546125057     
   3.30566208333333        3.90632791666667      -0.134892102183430     
   3.30566208333333        4.20666083333333      -0.126127270292175     
   3.30566208333333        4.50699375000000      -0.117834360655025     
   3.30566208333333        4.80732666666667      -0.110000006387778     
   3.30566208333333        5.10765958333333      -0.102662598343141     
   3.30566208333333        5.40799250000000      -9.589737773575306E-002
   3.30566208333333        5.70832541666667      -8.979968899794750E-002
   3.30566208333333        6.00865833333333      -8.449465065049966E-002
   3.30566208333333        6.30899125000000      -7.986585766436596E-002
   3.30566208333333        6.60932416666667      -7.522521879564890E-002
   3.30566208333333        6.90965708333333      -6.972113236215184E-002
   3.30566208333333        7.20999000000000      -6.447898227347228E-002
   3.60599500000000       2.000000000000000E-003 -0.229667851849414     
   3.60599500000000       0.302332916666667      -0.224278431995297     
   3.60599500000000       0.602665833333333      -0.220140247376432     
   3.60599500000000       0.902998750000000      -0.213748011612988     
   3.60599500000000        1.20333166666667      -0.205835129291585     
   3.60599500000000        1.50366458333333      -0.197472487695395     
   3.60599500000000        1.80399750000000      -0.189006462872274     
   3.60599500000000        2.10433041666667      -0.180302579622678     
   3.60599500000000        2.40466333333333      -0.171331783806851     
   3.60599500000000        2.70499625000000      -0.162192934368665     
   3.60599500000000        3.00532916666667      -0.153076796556827     
   3.60599500000000        3.30566208333333      -0.144178871410263     
   3.60599500000000        3.60599500000000      -0.135620882318504     
   3.60599500000000        3.90632791666667      -0.127430949672465     
   3.60599500000000        4.20666083333333      -0.119586584138212     
   3.60599500000000        4.50699375000000      -0.112077061593002     
   3.60599500000000        4.80732666666667      -0.104938626883577     
   3.60599500000000        5.10765958333333      -9.824751911586696E-002
   3.60599500000000        5.40799250000000      -9.209652707490062E-002
   3.60599500000000        5.70832541666667      -8.659718838153849E-002
   3.60599500000000        6.00865833333333      -8.195247146061374E-002
   3.60599500000000        6.30899125000000      -7.809114169218091E-002
   3.60599500000000        6.60932416666667      -7.432723738213164E-002
   3.60599500000000        6.90965708333333      -6.964022308663947E-002
   3.60599500000000        7.20999000000000      -6.547804463491412E-002
   3.90632791666667       2.000000000000000E-003 -0.201074358451278     
   3.90632791666667       0.302332916666667      -0.197960500163861     
   3.90632791666667       0.602665833333333      -0.194661704831461     
   3.90632791666667       0.902998750000000      -0.190697466315585     
   3.90632791666667        1.20333166666667      -0.185425305162663     
   3.90632791666667        1.50366458333333      -0.179258101028065     
   3.90632791666667        1.80399750000000      -0.172543003102546     
   3.90632791666667        2.10433041666667      -0.165430932259237     
   3.90632791666667        2.40466333333333      -0.157975980866697     
   3.90632791666667        2.70499625000000      -0.150290423702378     
   3.90632791666667        3.00532916666667      -0.142543040789397     
   3.90632791666667        3.30566208333333      -0.134892645009644     
   3.90632791666667        3.60599500000000      -0.127431140644241     
   3.90632791666667        3.90632791666667      -0.120181385204017     
   3.90632791666667        4.20666083333333      -0.113143220897861     
   3.90632791666667        4.50699375000000      -0.106342220202214     
   3.90632791666667        4.80732666666667      -9.984409341281378E-002
   3.90632791666667        5.10765958333333      -9.373359184901640E-002
   3.90632791666667        5.40799250000000      -8.808975693256109E-002
   3.90632791666667        5.70832541666667      -8.299329900758057E-002
   3.90632791666667        6.00865833333333      -7.858642317739158E-002
   3.90632791666667        6.30899125000000      -7.479400645714637E-002
   3.90632791666667        6.60932416666667      -7.089770170193307E-002
   3.90632791666667        6.90965708333333      -6.588551067060323E-002
   3.90632791666667        7.20999000000000      -6.051360208221099E-002
   4.20666083333333       2.000000000000000E-003 -0.178446843181151     
   4.20666083333333       0.302332916666667      -0.177035792480256     
   4.20666083333333       0.602665833333333      -0.174535268059362     
   4.20666083333333       0.902998750000000      -0.171536381903909     
   4.20666083333333        1.20333166666667      -0.167778758044388     
   4.20666083333333        1.50366458333333      -0.163093109708169     
   4.20666083333333        1.80399750000000      -0.157771679302049     
   4.20666083333333        2.10433041666667      -0.151980358432836     
   4.20666083333333        2.40466333333333      -0.145799004778738     
   4.20666083333333        2.70499625000000      -0.139336663911279     
   4.20666083333333        3.00532916666667      -0.132736553547817     
   4.20666083333333        3.30566208333333      -0.126127873333306     
   4.20666083333333        3.60599500000000      -0.119586842545603     
   4.20666083333333        3.90632791666667      -0.113143307752835     
   4.20666083333333        4.20666083333333      -0.106820621621266     
   4.20666083333333        4.50699375000000      -0.100667439467132     
   4.20666083333333        4.80732666666667      -9.475610667939548E-002
   4.20666083333333        5.10765958333333      -8.915674624052117E-002
   4.20666083333333        5.40799250000000      -8.391675568184896E-002
   4.20666083333333        5.70832541666667      -7.906588977460977E-002
   4.20666083333333        6.00865833333333      -7.462863352545147E-002
   4.20666083333333        6.30899125000000      -7.050704376377566E-002
   4.20666083333333        6.60932416666667      -6.616616159115103E-002
   4.20666083333333        6.90965708333333      -6.116517012080471E-002
   4.20666083333333        7.20999000000000      -5.635801497159902E-002
   4.50699375000000       2.000000000000000E-003 -0.161773387263406     
   4.50699375000000       0.302332916666667      -0.160807134210371     
   4.50699375000000       0.602665833333333      -0.158665978316689     
   4.50699375000000       0.902998750000000      -0.155989384615172     
   4.50699375000000        1.20333166666667      -0.152813197263775     
   4.50699375000000        1.50366458333333      -0.149022376343704     
   4.50699375000000        1.80399750000000      -0.144698925975440     
   4.50699375000000        2.10433041666667      -0.139913961492247     
   4.50699375000000        2.40466333333333      -0.134731379808924     
   4.50699375000000        2.70499625000000      -0.129246878443097     
   4.50699375000000        3.00532916666667      -0.123579674120697     
   4.50699375000000        3.30566208333333      -0.117834851575048     
   4.50699375000000        3.60599500000000      -0.112077296526687     
   4.50699375000000        3.90632791666667      -0.106342362661608     
   4.50699375000000        4.20666083333333      -0.100667542049463     
   4.50699375000000        4.50699375000000      -9.510917937548752E-002
   4.50699375000000        4.80732666666667      -8.973093659803949E-002
   4.50699375000000        5.10765958333333      -8.457970020126403E-002
   4.50699375000000        5.40799250000000      -7.967324055072149E-002
   4.50699375000000        5.70832541666667      -7.500850061783905E-002
   4.50699375000000        6.00865833333333      -7.056492142848711E-002
   4.50699375000000        6.30899125000000      -6.624803203365275E-002
   4.50699375000000        6.60932416666667      -6.182927804238954E-002
   4.50699375000000        6.90965708333333      -5.729635470424026E-002
   4.50699375000000        7.20999000000000      -5.320965993523745E-002
   4.80732666666667       2.000000000000000E-003 -0.147554215802235     
   4.80732666666667       0.302332916666667      -0.146805060294864     
   4.80732666666667       0.602665833333333      -0.145005901412325     
   4.80732666666667       0.902998750000000      -0.142702067638082     
   4.80732666666667        1.20333166666667      -0.139959349602778     
   4.80732666666667        1.50366458333333      -0.136755470524406     
   4.80732666666667        1.80399750000000      -0.133104285214901     
   4.80732666666667        2.10433041666667      -0.129035892719042     
   4.80732666666667        2.40466333333333      -0.124604110923152     
   4.80732666666667        2.70499625000000      -0.119893494021590     
   4.80732666666667        3.00532916666667      -0.114999955600909     
   4.80732666666667        3.30566208333333      -0.110000232017261     
   4.80732666666667        3.60599500000000      -0.104938784456210     
   4.80732666666667        3.90632791666667      -9.984431850859792E-002
   4.80732666666667        4.20666083333333      -9.475640074813901E-002
   4.80732666666667        4.50699375000000      -8.973117776017903E-002
   4.80732666666667        4.80732666666667      -8.482289887892645E-002
   4.80732666666667        5.10765958333333      -8.006195773641978E-002
   4.80732666666667        5.40799250000000      -7.545036208525173E-002
   4.80732666666667        5.70832541666667      -7.097693191078744E-002
   4.80732666666667        6.00865833333333      -6.663102045034294E-002
   4.80732666666667        6.30899125000000      -6.239298245466149E-002
   4.80732666666667        6.60932416666667      -5.822698915200353E-002
   4.80732666666667        6.90965708333333      -5.418848860983386E-002
   4.80732666666667        7.20999000000000      -5.061524077544323E-002
   5.10765958333333       2.000000000000000E-003 -0.134637050512873     
   5.10765958333333       0.302332916666667      -0.134165115591243     
   5.10765958333333       0.602665833333333      -0.132904135984500     
   5.10765958333333       0.902998750000000      -0.131000592318189     
   5.10765958333333        1.20333166666667      -0.128622326141750     
   5.10765958333333        1.50366458333333      -0.125822921762855     
   5.10765958333333        1.80399750000000      -0.122628789234241     
   5.10765958333333        2.10433041666667      -0.119077685395944     
   5.10765958333333        2.40466333333333      -0.115233003788380     
   5.10765958333333        2.70499625000000      -0.111174972364481     
   5.10765958333333        3.00532916666667      -0.106973091593480     
   5.10765958333333        3.30566208333333      -0.102662445774036     
   5.10765958333333        3.60599500000000      -9.824757170789084E-002
   5.10765958333333        3.90632791666667      -9.373395262439732E-002
   5.10765958333333        4.20666083333333      -8.915734673963174E-002
   5.10765958333333        4.50699375000000      -8.458033754072473E-002
   5.10765958333333        4.80732666666667      -8.006238106955009E-002
   5.10765958333333        5.10765958333333      -7.563383506693512E-002
   5.10765958333333        5.40799250000000      -7.129473850016643E-002
   5.10765958333333        5.70832541666667      -6.703540816387123E-002
   5.10765958333333        6.00865833333333      -6.285816310592467E-002
   5.10765958333333        6.30899125000000      -5.878629054697625E-002
   5.10765958333333        6.60932416666667      -5.487544505725440E-002
   5.10765958333333        6.90965708333333      -5.125991141205334E-002
   5.10765958333333        7.20999000000000      -4.806953824352053E-002
   5.40799250000000       2.000000000000000E-003 -0.122642439911807     
   5.40799250000000       0.302332916666667      -0.122413658926018     
   5.40799250000000       0.602665833333333      -0.121641151852693     
   5.40799250000000       0.902998750000000      -0.120253433699094     
   5.40799250000000        1.20333166666667      -0.118263465479579     
   5.40799250000000        1.50366458333333      -0.115786462874948     
   5.40799250000000        1.80399750000000      -0.112951850119417     
   5.40799250000000        2.10433041666667      -0.109828500918553     
   5.40799250000000        2.40466333333333      -0.106502140100760     
   5.40799250000000        2.70499625000000      -0.103055387653630     
   5.40799250000000        3.00532916666667      -9.952835490117630E-002
   5.40799250000000        3.30566208333333      -9.589676284941150E-002
   5.40799250000000        3.60599500000000      -9.209644699422409E-002
   5.40799250000000        3.90632791666667      -8.809029969018309E-002
   5.40799250000000        4.20666083333333      -8.391776321415989E-002
   5.40799250000000        4.50699375000000      -7.967439497880514E-002
   5.40799250000000        4.80732666666667      -7.545132685831531E-002
   5.40799250000000        5.10765958333333      -7.129527003516353E-002
   5.40799250000000        5.40799250000000      -6.720940969080343E-002
   5.40799250000000        5.70832541666667      -6.317918705393795E-002
   5.40799250000000        6.00865833333333      -5.919713657060025E-002
   5.40799250000000        6.30899125000000      -5.529616976709219E-002
   5.40799250000000        6.60932416666667      -5.157851945547358E-002
   5.40799250000000        6.90965708333333      -4.817473859900070E-002
   5.40799250000000        7.20999000000000      -4.522063823791776E-002
   5.70832541666667       2.000000000000000E-003 -0.110639186739615     
   5.70832541666667       0.302332916666667      -0.110746003063844     
   5.70832541666667       0.602665833333333      -0.110694356581848     
   5.70832541666667       0.902998750000000      -0.109974355645358     
   5.70832541666667        1.20333166666667      -0.108476834624957     
   5.70832541666667        1.50366458333333      -0.106383834727644     
   5.70832541666667        1.80399750000000      -0.103909997989899     
   5.70832541666667        2.10433041666667      -0.101204334821669     
   5.70832541666667        2.40466333333333      -9.838435263510222E-002
   5.70832541666667        2.70499625000000      -9.554861342700968E-002
   5.70832541666667        3.00532916666667      -9.271950509408670E-002
   5.70832541666667        3.30566208333333      -8.979848353807350E-002
   5.70832541666667        3.60599500000000      -8.659690165227087E-002
   5.70832541666667        3.90632791666667      -8.299405925234872E-002
   5.70832541666667        4.20666083333333      -7.906739644418935E-002
   5.70832541666667        4.50699375000000      -7.501024794082008E-002
   5.70832541666667        4.80732666666667      -7.097846898345377E-002
   5.70832541666667        5.10765958333333      -6.703646016216332E-002
   5.70832541666667        5.40799250000000      -6.317967370248247E-002
   5.70832541666667        5.70832541666667      -5.937009316457106E-002
   5.70832541666667        6.00865833333333      -5.556135079090778E-002
   5.70832541666667        6.30899125000000      -5.177879297175943E-002
   5.70832541666667        6.60932416666667      -4.809835840903063E-002
   5.70832541666667        6.90965708333333      -4.469473389333557E-002
   5.70832541666667        7.20999000000000      -4.184101896421879E-002
   6.00865833333333       2.000000000000000E-003 -9.842533297357378E-002
   6.00865833333333       0.302332916666667      -9.916989902331259E-002
   6.00865833333333       0.602665833333333      -0.100266729403556     
   6.00865833333333       0.902998750000000      -0.100357865438463     
   6.00865833333333        1.20333166666667      -9.934348803783834E-002
   6.00865833333333        1.50366458333333      -9.761261204295259E-002
   6.00865833333333        1.80399750000000      -9.549494074692756E-002
   6.00865833333333        2.10433041666667      -9.321691150941895E-002
   6.00865833333333        2.40466333333333      -9.088628330629134E-002
   6.00865833333333        2.70499625000000      -8.864455666784221E-002
   6.00865833333333        3.00532916666667      -8.656200016205633E-002
   6.00865833333333        3.30566208333333      -8.449246731855013E-002
   6.00865833333333        3.60599500000000      -8.195177321421587E-002
   6.00865833333333        3.90632791666667      -7.858753294019077E-002
   6.00865833333333        4.20666083333333      -7.463085528250679E-002
   6.00865833333333        4.50699375000000      -7.056734974909361E-002
   6.00865833333333        4.80732666666667      -6.663308723178368E-002
   6.00865833333333        5.10765958333333      -6.285961963239381E-002
   6.00865833333333        5.40799250000000      -5.919796010536106E-002
   6.00865833333333        5.70832541666667      -5.556167811688147E-002
   6.00865833333333        6.00865833333333      -5.187091407910868E-002
   6.00865833333333        6.30899125000000      -4.809246899179459E-002
   6.00865833333333        6.60932416666667      -4.422804959771562E-002
   6.00865833333333        6.90965708333333      -4.048334277824328E-002
   6.00865833333333        7.20999000000000      -3.751538606153272E-002
   6.30899125000000       2.000000000000000E-003 -8.638871970711919E-002
   6.30899125000000       0.302332916666667      -8.842503589615311E-002
   6.30899125000000       0.602665833333333      -9.105310640190956E-002
   6.30899125000000       0.902998750000000      -9.170291074473494E-002
   6.30899125000000        1.20333166666667      -9.099417334457345E-002
   6.30899125000000        1.50366458333333      -8.959835099563390E-002
   6.30899125000000        1.80399750000000      -8.781247193794675E-002
   6.30899125000000        2.10433041666667      -8.589071827926434E-002
   6.30899125000000        2.40466333333333      -8.396588371451222E-002
   6.30899125000000        2.70499625000000      -8.218654133146666E-002
   6.30899125000000        3.00532916666667      -8.088246820127178E-002
   6.30899125000000        3.30566208333333      -7.986229563821688E-002
   6.30899125000000        3.60599500000000      -7.808998710812085E-002
   6.30899125000000        3.90632791666667      -7.479588035974781E-002
   6.30899125000000        4.20666083333333      -7.051052706844139E-002
   6.30899125000000        4.50699375000000      -6.625135624765337E-002
   6.30899125000000        4.80732666666667      -6.239547680213664E-002
   6.30899125000000        5.10765958333333      -5.878795077100365E-002
   6.30899125000000        5.40799250000000      -5.529713562376942E-002
   6.30899125000000        5.70832541666667      -5.177925845582475E-002
   6.30899125000000        6.00865833333333      -4.809261334694277E-002
   6.30899125000000        6.30899125000000      -4.416562484715893E-002
   6.30899125000000        6.60932416666667      -3.989453962972751E-002
   6.30899125000000        6.90965708333333      -3.531301772515277E-002
   6.30899125000000        7.20999000000000      -3.177208866145591E-002
   6.60932416666667       2.000000000000000E-003 -7.574271460100442E-002
   6.60932416666667       0.302332916666667      -8.014156091517258E-002
   6.60932416666667       0.602665833333333      -8.342611086908552E-002
   6.60932416666667       0.902998750000000      -8.370516397541035E-002
   6.60932416666667        1.20333166666667      -8.322852204643882E-002
   6.60932416666667        1.50366458333333      -8.229254486705312E-002
   6.60932416666667        1.80399750000000      -8.089629572064753E-002
   6.60932416666667        2.10433041666667      -7.922564191908206E-002
   6.60932416666667        2.40466333333333      -7.752197995426632E-002
   6.60932416666667        2.70499625000000      -7.593548214318251E-002
   6.60932416666667        3.00532916666667      -7.522959566937745E-002
   6.60932416666667        3.30566208333333      -7.522077161947532E-002
   6.60932416666667        3.60599500000000      -7.432620306882359E-002
   6.60932416666667        3.90632791666667      -7.090100211262509E-002
   6.60932416666667        4.20666083333333      -6.617105028626269E-002
   6.60932416666667        4.50699375000000      -6.183343243699117E-002
   6.60932416666667        4.80732666666667      -5.822966492244495E-002
   6.60932416666667        5.10765958333333      -5.487702804772916E-002
   6.60932416666667        5.40799250000000      -5.157940444751146E-002
   6.60932416666667        5.70832541666667      -4.809877882399007E-002
   6.60932416666667        6.00865833333333      -4.422820096727169E-002
   6.60932416666667        6.30899125000000      -3.989462249213083E-002
   6.60932416666667        6.60932416666667      -3.513131946887958E-002
   6.60932416666667        6.90965708333333      -2.963035695241078E-002
   6.60932416666667        7.20999000000000      -2.488242049860887E-002
   6.90965708333333       2.000000000000000E-003 -6.920222460387442E-002
   6.90965708333333       0.302332916666667      -7.440344081547878E-002
   6.90965708333333       0.602665833333333      -7.488604220817112E-002
   6.90965708333333       0.902998750000000      -7.529091152879164E-002
   6.90965708333333        1.20333166666667      -7.581994533110629E-002
   6.90965708333333        1.50366458333333      -7.564098637597315E-002
   6.90965708333333        1.80399750000000      -7.470106514527286E-002
   6.90965708333333        2.10433041666667      -7.326443778522558E-002
   6.90965708333333        2.40466333333333      -7.157577355430682E-002
   6.90965708333333        2.70499625000000      -7.003516717682551E-002
   6.90965708333333        3.00532916666667      -6.936046817614361E-002
   6.90965708333333        3.30566208333333      -6.971748413828090E-002
   6.90965708333333        3.60599500000000      -6.963975768365908E-002
   6.90965708333333        3.90632791666667      -6.588963731474211E-002
   6.90965708333333        4.20666083333333      -6.117011160327628E-002
   6.90965708333333        4.50699375000000      -5.730011139706761E-002
   6.90965708333333        4.80732666666667      -5.419074578720465E-002
   6.90965708333333        5.10765958333333      -5.126108426092687E-002
   6.90965708333333        5.40799250000000      -4.817533804697197E-002
   6.90965708333333        5.70832541666667      -4.469498836161794E-002
   6.90965708333333        6.00865833333333      -4.048345877734224E-002
   6.90965708333333        6.30899125000000      -3.531328229550430E-002
   6.90965708333333        6.60932416666667      -2.963087501495315E-002
   6.90965708333333        6.90965708333333      -2.491590081842127E-002
   6.90965708333333        7.20999000000000      -2.060176006763272E-002
   7.20999000000000       2.000000000000000E-003 -6.673736107002325E-002
   7.20999000000000       0.302332916666667      -6.465956551607251E-002
   7.20999000000000       0.602665833333333      -6.496054419102996E-002
   7.20999000000000       0.902998750000000      -6.767159688742039E-002
   7.20999000000000        1.20333166666667      -6.943040041435138E-002
   7.20999000000000        1.50366458333333      -6.983906510950981E-002
   7.20999000000000        1.80399750000000      -6.923941519123120E-002
   7.20999000000000        2.10433041666667      -6.801692106481237E-002
   7.20999000000000        2.40466333333333      -6.646282120509374E-002
   7.20999000000000        2.70499625000000      -6.503574768662754E-002
   7.20999000000000        3.00532916666667      -6.427345150306780E-002
   7.20999000000000        3.30566208333333      -6.447957054688329E-002
   7.20999000000000        3.60599500000000      -6.547787688163424E-002
   7.20999000000000        3.90632791666667      -6.051481233977104E-002
   7.20999000000000        4.20666083333333      -5.635997462175565E-002
   7.20999000000000        4.50699375000000      -5.321131457003813E-002
   7.20999000000000        4.80732666666667      -5.061629013496756E-002
   7.20999000000000        5.10765958333333      -4.807002400733215E-002
   7.20999000000000        5.40799250000000      -4.522083653259235E-002
   7.20999000000000        5.70832541666667      -4.184107446019009E-002
   7.20999000000000        6.00865833333333      -3.751546681398488E-002
   7.20999000000000        6.30899125000000      -3.177247623233972E-002
   7.20999000000000        6.60932416666667      -2.488329917824668E-002
   7.20999000000000        6.90965708333333      -2.060229941737196E-002
   7.20999000000000        7.20999000000000      -1.975809042054861E-002
